  0.52583366   0.96302613   0.74589968   0.43469556   0.89981514   0.87423434   0.52954447   0.84877854   0.70521285
  0.45668375   0.81365305   0.99060403   0.82011404   0.81765473   0.95277860   0.84970774   0.90052124   0.94554505
  0.59568913   0.39768058   0.63379238   0.97634533   0.47938452   0.62854633   0.94417061   0.61574781   0.83752832
  0.22131132   0.92791889   0.92882319   0.66840291   0.88130931   0.93844201   0.71146840   0.86909771   0.81705990
  0.31450285   0.71170512   0.90332280   0.90200734   0.73441259   0.86544259   0.89932463   0.81510011   0.91389793
  0.49320549   0.95887456   0.84103487   0.61829730   0.91482792   0.89953681   0.67263649   0.85729656   0.77171626
  0.46341086   0.92754274   0.85221911   0.56851885   0.87131685   0.89945838   0.63232725   0.84003874   0.75518107
  0.56713767   0.63177309   0.86887462   0.74769028   0.57446122   0.74065327   0.71015133   0.59689735   0.67507535
  0.13883121   0.73489727   0.93883042   0.87663472   0.75119111   0.90050836   0.88642559   0.84981064   0.93952578
  0.24243272   0.74458069   0.92345630   0.75941803   0.69725245   0.83911087   0.75030337   0.72202697   0.77056594
  0.17847120   0.57303739   0.76683422   1.00000000   0.65640332   0.79272097   1.00000000   0.80651449   0.98357036
  0.14500152   0.94393739   0.95338023   0.71882618   0.93406860   0.99438280   0.78297694   0.96976751   0.93352610
  0.47532484   0.94531590   0.95575039   0.72448685   0.93992767   1.00000000   0.79109454   0.97964690   0.94491453
  0.61425235   0.96165703   0.90257143   0.65499476   0.92258984   0.94444213   0.71267113   0.90004482   0.83283516
  0.11108819   0.89208327   0.94144388   0.68293318   0.86100753   0.94921783   0.73203864   0.89463533   0.86519607
  0.22568127   0.93548579   0.85502442   0.61104685   0.88244572   0.89351036   0.65775417   0.83661350   0.75781584
  0.44361243   0.92876939   0.75809658   0.46797426   0.84866769   0.83297870   0.52977029   0.77405285   0.65283064
  0.44597747   0.82881030   0.98229206   0.91908019   0.86140197   0.96543481   0.93825304   0.93874065   1.00000000
  0.60423663   0.56021403   0.79430446   0.88354757   0.56816288   0.72250095   0.84544797   0.64446353   0.78673689
  0.70057786   0.59997777   0.78907551   0.97924292   0.67779074   0.80375625   0.97597534   0.80989809   0.96350809
  0.38787384   0.88946068   0.97502591   0.76594161   0.87958125   0.96937963   0.80751648   0.92112680   0.91751440
  0.34292901   0.66825457   0.87256005   0.88012845   0.68694501   0.82873219   0.87254919   0.77315588   0.88162907
  0.40270107   0.96331484   0.90997169   0.62767157   0.92534769   0.96624076   0.69897053   0.93089047   0.85797691
  0.52788385   0.43433302   0.64845247   0.96913059   0.50053535   0.63295774   0.93265740   0.61204398   0.81588826
  0.38720967   0.59920404   0.81111446   0.89051861   0.62816595   0.77592985   0.87710461   0.72736469   0.86494785
  0.43040378   0.74561293   0.92281627   0.87025222   0.75565998   0.88473817   0.87355509   0.83645274   0.91634302
  0.31954372   0.94882143   0.79657972   0.52803834   0.88656889   0.87316033   0.58705497   0.83480408   0.72281883
  0.27840965   0.79016461   0.93412711   0.84696186   0.77743753   0.88193490   0.84164302   0.81126651   0.86299336
  0.35786850   0.51397876   0.74944104   0.86004109   0.49552445   0.64440203   0.79720998   0.54757972   0.69859886
  0.48356579   0.90089161   0.69678116   0.44464088   0.80186101   0.74933252   0.48009540   0.67247013   0.54691237
  0.46868267   0.47896269   0.69872806   0.92123550   0.52503587   0.66692335   0.88787999   0.63513190   0.81228056
  0.30668942   0.67373681   0.84273225   0.76552862   0.62427378   0.75228495   0.73028748   0.64051457   0.70342075
  0.56263706   0.84865110   0.85958521   0.61513893   0.77666006   0.84253112   0.63096588   0.74955138   0.70611262
  0.23369786   0.55003407   0.80091104   0.88403649   0.54633366   0.71362009   0.83983158   0.62853772   0.78097072
  0.43331736   0.90045000   0.68882942   0.39539809   0.80234913   0.76731077   0.45303090   0.70228745   0.56550268
  0.17190995   0.61927728   0.83702713   0.85753545   0.60818451   0.75735669   0.82353644   0.67161093   0.78848390
  0.42153770   0.41324348   0.64015601   0.90062311   0.44493564   0.58724751   0.85012682   0.53958738   0.73061495
  0.73096179   0.75148464   0.91139923   0.81784475   0.74786038   0.86486601   0.82099495   0.80280094   0.85999160
  0.29648431   0.75975098   0.89431668   0.75887834   0.70936594   0.82260414   0.74060351   0.72101041   0.75582898
  0.41098344   0.89054674   0.83788762   0.57220946   0.82139908   0.85658651   0.61064499   0.78751324   0.71685353
  0.56996888   0.90626479   0.94947905   0.79494933   0.90140033   0.95648315   0.82780882   0.92875800   0.92416417
  0.39975436   0.40769016   0.61594330   0.92211344   0.44713260   0.57194687   0.87124080   0.53561749   0.72879718
  0.34568866   0.79813566   0.84653157   0.72430270   0.72350958   0.77244345   0.69020268   0.65901239   0.65817217
  0.63086661   0.69995462   0.81946995   0.70113623   0.64466423   0.74616445   0.67819852   0.64740358   0.68008917
  0.45521786   0.99162527   0.84974268   0.65572463   0.98314488   0.95356643   0.73250194   0.96873042   0.88944725
  0.75131632   0.85079052   0.93334603   0.78195650   0.83882487   0.91566803   0.80387437   0.87073226   0.88097094
  0.69505312   0.32722229   0.55687856   0.94157474   0.40956349   0.55371278   0.91148348   0.56075195   0.80012285
  0.27393910   0.93227184   0.98711574   0.82791428   0.93507623   0.99687406   0.86511697   0.97577492   0.97487346
  0.53677751   0.71647025   0.86032702   0.78712269   0.69468202   0.80675575   0.77558642   0.73330587   0.79275018
  0.64034717   0.85894643   0.84220469   0.63722414   0.78719970   0.81787095   0.64402785   0.72489234   0.68368155
  0.48796356   0.95246041   0.92187199   0.75144691   0.93990752   0.95885480   0.79259346   0.93943219   0.90246406
  0.41353969   0.65004072   0.68630578   0.56077698   0.53779729   0.58831816   0.50442881   0.46141164   0.45362457
  0.34938861   0.58308211   0.78463423   0.91545853   0.60343731   0.73857729   0.88552661   0.69149574   0.83721492
  0.23113463   0.96382415   0.75223824   0.51435149   0.91003837   0.85100544   0.57536455   0.83385871   0.70913799
  0.25868632   0.74653956   0.89650841   0.90110069   0.76616562   0.87539010   0.90181654   0.84688320   0.93342459
  0.50900624   0.59114474   0.74674884   0.86017586   0.58414154   0.67817038   0.80922653   0.60991133   0.71734580
  0.36079033   0.54917010   0.71715025   0.96454230   0.62997539   0.74542982   0.96523133   0.76760891   0.93936883
  0.33918945   0.53778078   0.74630511   0.93435138   0.58678019   0.72997121   0.91771089   0.71681690   0.88826984
  0.41934319   0.86526515   0.85182868   0.66015813   0.82595238   0.86733075   0.68616022   0.81985192   0.78032172
  0.33472047   0.95771102   0.88414892   0.70802684   0.94418944   0.94294895   0.75833042   0.93395785   0.87968594
  0.43862953   0.30640535   0.56401708   0.82362611   0.31561414   0.46826382   0.74691053   0.40554693   0.61775733
  0.67378246   0.89948917   0.91586449   0.80145148   0.90859103   0.94309635   0.83648324   0.93403204   0.92962133
  0.41033368   0.43245011   0.64360657   0.93041209   0.48578359   0.62082865   0.89645293   0.60537424   0.80219969
  0.58893103   1.00000000   0.86689730   0.68501184   1.00000000   0.97245585   0.76086392   1.00000000   0.92791205
  0.05005060   0.93427582   0.88654258   0.71513866   0.90532892   0.91704363   0.74384575   0.89007872   0.84375028
  0.21375560   0.27756217   0.47515586   0.83181513   0.26983645   0.36485581   0.72692739   0.30235319   0.51243543
  0.51979174   0.76770263   0.83857781   0.76000352   0.74653200   0.81274918   0.75591682   0.76049586   0.78553297
  0.54306082   0.39782790   0.59876843   0.87622899   0.41930122   0.53869260   0.81696672   0.49996189   0.68738346
  0.29220535   0.74751275   0.77643134   0.66799756   0.67107275   0.71997388   0.63363662   0.62707247   0.62387821
  0.58948749   0.65424436   0.73520854   0.64442327   0.57826272   0.64985118   0.60025249   0.55067077   0.57542030
  0.31706283   0.75307066   0.87426016   0.89431870   0.78313362   0.87007468   0.89962077   0.85725423   0.93282832
  0.40140046   0.27241488   0.45488051   0.89098335   0.32573087   0.42269825   0.83286569   0.41828961   0.65014257
  0.53277572   0.74881651   0.92222112   0.81272061   0.75229275   0.89333604   0.82699472   0.85578415   0.91936047
  0.42660009   0.94150595   0.77713470   0.54743314   0.89893134   0.86799182   0.60745006   0.85891980   0.75269453
  0.24575061   0.32014816   0.46894433   0.88183454   0.35006670   0.42121555   0.81343203   0.39735618   0.60609986
  0.65110496   0.96439118   0.79744205   0.63264608   0.96213961   0.90938372   0.70716266   0.93657042   0.85493866
  0.78200501   0.61481273   0.63066091   0.51035528   0.50513531   0.54525837   0.45746729   0.43993799   0.42561629
  0.49714160   0.27291403   0.46890032   0.86530896   0.30628842   0.41274952   0.79619186   0.39302650   0.61875611
  0.08371722   0.68653580   0.83704086   0.90158082   0.69893167   0.80431150   0.88466863   0.77139110   0.87732652
  0.57884257   0.73422382   0.71663354   0.55242243   0.64747983   0.68712430   0.53658297   0.60691450   0.57114096
  0.54663873   0.86513663   0.93028271   0.84754754   0.87954818   0.93889901   0.87106359   0.92991298   0.95386736
  0.38383710   0.87064385   0.76911510   0.59531892   0.80109928   0.78310128   0.60162493   0.72281077   0.65652729
  0.20520029   0.96834024   0.84860221   0.91519904   0.95987629   0.93234542   0.73954838   0.94285218   0.87582592
  0.30998336   0.54069957   0.70866530   0.79027625   0.51194127   0.62127201   0.72953307   0.54529420   0.65524797
  0.33632938   0.88389762   0.54710457   0.31340825   0.78026748   0.65634393   0.34983847   0.62776374   0.44877560
  0.36915927   0.67978608   0.79306220   0.80423875   0.64460941   0.72474293   0.76158450   0.65259564   0.71655498
  0.31213113   0.72540395   0.85890028   0.94034773   0.76943025   0.86087486   0.94274434   0.85992637   0.95977633
  0.38111435   0.80062811   0.71201693   0.56907538   0.71991247   0.70692326   0.55702583   0.64336403   0.58650609
  0.29812567   0.66558687   0.77749813   0.94581726   0.71055515   0.78406907   0.93928359   0.78417813   0.90498844
  0.04381956   0.56233526   0.67750501   0.82551207   0.55345800   0.62871908   0.77769353   0.58231679   0.69263090
  0.19407156   0.60643176   0.71447522   0.84386620   0.58892197   0.65050485   0.78771943   0.59524325   0.69002875
  0.20126937   0.64633503   0.81111446   0.88647872   0.66130323   0.78006519   0.86999730   0.74879913   0.86699506
  0.60755515   0.84955816   0.78200561   0.66205858   0.81426316   0.80518488   0.67481450   0.77353282   0.73239059
  0.46521005   0.89251400   0.80420180   0.65627205   0.86237531   0.84929687   0.68372406   0.83155405   0.77544066
  0.50350776   0.63693635   0.78610735   0.93556055   0.68265729   0.78380673   0.92727567   0.78080657   0.91040893
  0.62362127   0.93630756   0.83365152   0.65178504   0.91916843   0.91056084   0.70192421   0.91476086   0.84606902
  0.55735760   0.44086271   0.59691983   0.89522747   0.47249250   0.55915472   0.84592213   0.54046489   0.70991193
  0.46033065   0.59070893   0.73224888   0.88528805   0.60656495   0.69717784   0.85138286   0.66532693   0.78638333
  0.42883427   0.89498945   0.67534835   0.48920050   0.82991344   0.75033357   0.52461681   0.72299273   0.61377755
  0.32244504   0.53736407   0.66925683   0.85661573   0.54369877   0.61741628   0.80421677   0.58006037   0.70174172
  0.50099032   0.76603197   0.77440109   0.75164215   0.74192006   0.75948986   0.73478061   0.71939157   0.73153565
  0.40780964   0.39782790   0.55389210   0.75687383   0.37054245   0.45480417   0.66970650   0.39708745   0.54436133
  0.30131044   0.91574645   0.74392586   0.60380372   0.89778374   0.83606740   0.64828838   0.84628362   0.76018309
  0.18316070   0.72843362   0.79695670   0.82603521   0.72293983   0.77848496   0.80889128   0.74495239   0.80213449
  0.59817579   0.75599698   0.84934054   0.88397414   0.76291525   0.82823444   0.87034543   0.79779983   0.86478143
  0.53894574   0.58282780   0.72542836   0.87994970   0.61000331   0.70411516   0.85528248   0.68799973   0.81333069
  0.50746475   0.88022145   0.91002926   0.81349241   0.87695527   0.91936768   0.83019973   0.90387653   0.90918031
  0.41545710   0.80716605   0.72001971   0.59135059   0.74827754   0.73666259   0.59044035   0.69469500   0.64322775
  0.39213579   0.70723829   0.77634655   0.76485427   0.67212465   0.73688070   0.73420748   0.68077383   0.72205224
  0.57132242   0.90860760   0.64694732   0.47169158   0.86024959   0.75656525   0.51662213   0.75685368   0.63023822
  0.51600501   0.69875013   0.79772754   0.85186915   0.69743887   0.76727186   0.82849235   0.73207813   0.80863805
  0.24919230   0.84353503   0.56265873   0.36935061   0.76241143   0.66273073   0.40092809   0.64836884   0.50255001
  0.52232014   0.82090684   0.77948296   0.68670114   0.77514956   0.77613047   0.67604062   0.72914622   0.70484852
  0.70885242   0.77482602   0.81146886   0.76226455   0.77247242   0.82287168   0.76912210   0.80748696   0.82857070
  0.48888344   0.55378365   0.69986084   0.92458838   0.60215562   0.69996117   0.91022910   0.70599614   0.86191468
  0.37711974   0.80991454   0.71310505   0.60054693   0.74192006   0.71977891   0.58537984   0.67242346   0.61919875
  0.32663706   0.10434839   0.20854916   0.75313994   0.08063779   0.12064575   0.62051313   0.07175227   0.31761399
  0.58315044   0.83293375   0.85903772   0.75721486   0.81546729   0.86202865   0.76595077   0.83849717   0.84010727
  0.67812071   0.81332043   0.87656336   0.88030642   0.83225870   0.88091520   0.88522875   0.87389266   0.91925201
  0.33290161   0.23603953   0.34765058   0.76178691   0.21502487   0.25943539   0.64806208   0.21510214   0.41320896
  0.55514990   0.50016341   0.61997174   0.91029191   0.56176725   0.63626631   0.89615906   0.65959230   0.82252956
  0.36196500   0.62017511   0.72024068   0.87497130   0.63822676   0.70285487   0.84845011   0.68645670   0.79231829
  0.33005985   0.78021312   0.71974269   0.63935634   0.73011404   0.72423577   0.62660471   0.68618446   0.65740042
  0.48424124   0.66896055   0.77838607   0.87302491   0.68854088   0.76565334   0.85805934   0.75153432   0.84636482
  0.26673066   0.67003468   0.75876172   0.91354001   0.70212355   0.75818301   0.89964182   0.75351933   0.85784051
  0.43431486   0.39371463   0.52346798   0.85817650   0.43072689   0.50058196   0.81110700   0.50464262   0.67961105
  0.47120011   0.65169105   0.74000788   0.88305270   0.67115078   0.72679885   0.85924253   0.71255443   0.80850106
  0.00000000   0.90901237   0.82019445   0.70711398   0.88979745   0.86765201   0.72734715   0.86313840   0.81500166
  0.35524616   0.46119799   0.57602319   0.84544352   0.48293660   0.54477904   0.79609124   0.53502817   0.67905297
  0.56114324   0.73714903   0.79948480   0.82616495   0.73383899   0.78623796   0.81130150   0.75988711   0.81349884
  0.42437568   0.45963443   0.54182422   0.82648493   0.47280513   0.50916016   0.77063740   0.49746339   0.63281672
  0.45003129   0.88276717   0.86180150   0.77912054   0.88985252   0.90202955   0.80669181   0.90992607   0.89905574
  0.66758188   0.78556392   0.60119435   0.47780065   0.69872904   0.62999844   0.46819496   0.59628108   0.50446505
  0.51264709   0.51323772   0.63006558   0.91188570   0.57893123   0.64858229   0.89901876   0.67423565   0.82904521
  0.61047074   0.95249987   0.76190995   0.61279895   0.93599607   0.86104330   0.66454077   0.87967965   0.78766185
  0.55184806   0.87808037   0.62878016   0.43990196   0.81897420   0.73294266   0.48060019   0.73032953   0.60623321
  0.44082101   0.66457205   0.64790589   0.65774047   0.60099490   0.60227272   0.60302106   0.54837040   0.55645401
  0.25327523   0.87231277   0.89851246   0.80323974   0.87351457   0.91764780   0.82371693   0.91121210   0.91563088
  0.23855708   0.49550549   0.57039902   0.67003349   0.44363100   0.49567412   0.59524498   0.44186163   0.51961160
  0.63618648   0.31919476   0.39034626   0.79728363   0.33819669   0.35288691   0.72125191   0.35707816   0.52657628
  0.37554381   0.60102752   0.67216244   0.85197906   0.60643664   0.64531445   0.81125529   0.62650291   0.72106365
  0.37134251   0.66456159   0.28301478   0.17587721   0.53833696   0.36275749   0.15962240   0.35926676   0.17823437
  0.51523297   0.73925745   0.68089557   0.66220567   0.69129005   0.67404133   0.63265084   0.64187996   0.62853446
  0.44879139   0.82095736   0.76137084   0.69487977   0.78395673   0.76982264   0.68514565   0.73882353   0.71428840
  0.37431422   0.80468677   0.69182289   0.61336984   0.75333557   0.71600983   0.60197518   0.68921126   0.63907739
  0.64794531   0.29984023   0.34708894   0.80348501   0.31741721   0.31008835   0.72005557   0.31429151   0.48874019
  0.12705571   0.82540497   0.82124477   0.75777696   0.81263174   0.83747703   0.76180050   0.82349114   0.82252956
  0.35252532   0.68690344   0.66439015   0.68180726   0.64650525   0.65094632   0.64528171   0.61816062   0.62824267
  0.28813743   0.72383626   0.55017059   0.49987296   0.64477360   0.56601407   0.47325144   0.54020125   0.47000339
  0.50390429   0.56338634   0.64414082   0.76635045   0.55180636   0.60901439   0.72189753   0.58220029   0.66914953
  0.71779820   0.60823910   0.50107554   0.51832579   0.53275594   0.47695073   0.46457695   0.44698739   0.41850888
  0.68562225   0.43880157   0.30560963   0.44696525   0.33577458   0.24429396   0.33944359   0.19196746   0.18258306
  0.38161915   0.93890293   0.75632058   0.64275616   0.94242430   0.86722784   0.69388648   0.90599536   0.82409032
  0.36533252   0.42581856   0.50853769   0.86075476   0.47572520   0.50940014   0.82441695   0.53502817   0.69167487
  0.60045308   0.81409323   0.52977667   0.45914822   0.76239153   0.61912226   0.47157920   0.63126988   0.51989010
  0.18732239   0.85378859   0.66868791   0.59262470   0.81933664   0.73493509   0.59838338   0.73077021   0.65568516
  0.39624180   0.79042073   0.53924478   0.42574871   0.73771221   0.63709256   0.44892189   0.64983990   0.53899501
  0.40575512   0.65763114   0.61045674   0.64948164   0.59789502   0.57826470   0.59361663   0.53963734   0.54385818
  0.39774040   0.34500126   0.41289433   0.82523205   0.38803515   0.40658994   0.77548152   0.43446027   0.60851068
  0.21619475   0.61740727   0.70537211   0.88904759   0.65258447   0.71169149   0.87614333   0.72006271   0.83581643
  0.28998012   0.93247578   0.82251090   0.71910923   0.93574000   0.89854859   0.75862803   0.92106472   0.87046165
  0.57996826   0.58874642   0.62150548   0.71908029   0.56597269   0.59239604   0.67206160   0.56894558   0.62583300
  0.36754010   0.65463888   0.55211328   0.57966754   0.59154572   0.53838314   0.53172557   0.51204258   0.48941261
  0.34635383   0.66885479   0.07534525   0.00000000   0.54649474   0.25974907   0.00000000   0.30167032   0.04108140
  0.30413224   0.61222521   0.57118406   0.67542302   0.56363852   0.54116938   0.61288919   0.51087651   0.53756789
  0.27192939   0.72550036   0.60212291   0.59952905   0.66186446   0.60541347   0.56096339   0.58160015   0.54273763
  0.47804660   0.73387012   0.75310059   0.81243100   0.73551152   0.75618901   0.79737677   0.74626541   0.79003868
  0.39135858   0.72266236   0.61334341   0.58031235   0.67052165   0.63577244   0.55904387   0.62113429   0.58267538
  0.44407568   0.89029712   0.78192626   0.70447422   0.88644798   0.84722597   0.72875143   0.86319225   0.81729847
  0.54865456   0.37594111   0.43892669   0.74559779   0.37805955   0.39480437   0.67133464   0.39588471   0.53050663
  0.74311976   0.72433130   0.69328053   0.75971183   0.71288466   0.69715155   0.73472890   0.68825254   0.70798355
  0.16195881   0.64002247   0.63051649   0.69811017   0.59675285   0.60005354   0.64463065   0.56841749   0.59795489
  0.25980371   0.64419141   0.70570074   0.86282346   0.67694009   0.71847716   0.85152597   0.73025555   0.82280984
  1.00000000   0.63761086   0.60180699   0.68856918   0.61727784   0.59696503   0.64937721   0.59033640   0.61213070
  0.80969749   0.75906864   0.60313038   0.55025252   0.70975802   0.64344154   0.54426458   0.63849640   0.57963945
  0.32406919   0.68762427   0.33864828   0.32176077   0.59730776   0.41291410   0.29049721   0.42895354   0.28781955
  0.52485541   0.57505616   0.53094141   0.63372606   0.53686971   0.50967318   0.57867957   0.49823023   0.52224758
  0.28112998   0.78546357   0.64419542   0.61718268   0.75880160   0.69642387   0.61395850   0.70136860   0.65480553
  0.63016166   0.83034813   0.66174166   0.64221212   0.79597662   0.70392845   0.63002729   0.69951374   0.64489597
  0.49552464   0.70973839   0.29888238   0.24421301   0.63305555   0.43032183   0.25209735   0.47294580   0.30445097
  0.54026172   0.00000000   0.03209824   0.66622819   0.00000000   0.00000000   0.54672148   0.00000000   0.24429977
  0.47462214   0.82080567   0.45875703   0.35785540   0.76301320   0.59018311   0.37826554   0.62194912   0.46753090
  0.53101072   0.67815642   0.68156281   0.72667590   0.66225044   0.68023488   0.70199152   0.67019768   0.69965723
  0.48082546   0.46203129   0.50652269   0.77348261   0.46913966   0.48141217   0.71632658   0.48643466   0.60024839
  0.46999708   0.20461175   0.17511307   0.57433425   0.15293028   0.11590789   0.45341279   0.08683877   0.21815793
  0.65516081   0.43915774   0.48514317   0.82010202   0.46735068   0.47377003   0.77054653   0.49401409   0.62928957
  0.15227769   0.82274365   0.60346353   0.51677399   0.77673326   0.68215978   0.52236434   0.68938601   0.59497993
  0.28250520   0.84418286   0.64718470   0.58511279   0.80965542   0.71633116   0.58790348   0.72205027   0.64498905
  0.66356198   0.53186326   0.53281317   0.67143771   0.51146699   0.51497192   0.61950824   0.51086792   0.56694206
  0.41733310   0.84757732   0.74940207   0.69881960   0.83963722   0.80532581   0.71100627   0.82042051   0.78378172
  0.46239966   0.70456271   0.18621581   0.12262265   0.61923591   0.36577361   0.13467162   0.42925843   0.20799171
  0.26595628   0.62197300   0.65899545   0.78334815   0.61309806   0.64384093   0.74766384   0.63467808   0.70435090
  0.81523962   0.12336228   0.09525854   0.62983292   0.12958434   0.08767925   0.52885441   0.10635888   0.27919986
  0.61869053   0.70022259   0.73580649   0.82667469   0.72704597   0.75953440   0.82486752   0.77595238   0.83741580
  0.43629602   0.31392961   0.29676297   0.58124999   0.27681206   0.25614549   0.49084467   0.24496399   0.34158435
  0.79611982   0.55991284   0.00000000   0.07390654   0.46161240   0.15143519   0.04380906   0.20224175   0.00000000
  0.10268619   0.20422927   0.16378649   0.61889030   0.16919872   0.12096558   0.50327375   0.10680283   0.25003275
  0.57629071   0.40101877   0.40554741   0.64303488   0.37989909   0.36776672   0.56798816   0.36731754   0.45422322
  0.49190467   0.57480065   0.35582282   0.42144125   0.49433730   0.36400856   0.35955531   0.36527437   0.29888050
  0.35273466   0.37281294   0.41843391   0.79394235   0.40831050   0.41588562   0.74492585   0.44752249   0.59856639
