0	1	0.481673248	0.049451147	0.283333333	0.400103175	0.525833665	0.753059669	0.493723812	0.770677202	0.336786375	0.254268055	0.963026132	0.745899677	0.434695558	0.899815141	0.874234343	0.529544466	0.848778538	0.705212845
0.002905824	0.50318706	0.492851878	0.783943889	0.7	0.279905392	0.456683753	0.516729527	0.275765357	0.680818163	0.362999402	0.477286301	0.81365305	0.990604032	0.820114044	0.817654732	0.952778597	0.849707744	0.900521242	0.945545048
0.009684348	0.024598491	0.353654673	0.982443989	0.833333333	0.366189736	0.595689133	0.799520863	0.442866324	0.318062781	0.485220524	0.228187327	0.397680578	0.633792384	0.976345327	0.479384521	0.628546328	0.944170606	0.615747809	0.837528323
0.012414526	0.753412812	0.701574934	0.817972532	0.183333333	0.512387425	0.221311324	0.435077345	0.913399628	0.364989409	0.455963097	0.584030536	0.927918891	0.928823193	0.668402908	0.881309309	0.93844201	0.711468405	0.869097713	0.817059903
0.018388426	0.330618256	0.312208352	0.705212256	0.183333333	0.452439893	0.314502852	0.330690812	0.405745448	0.57530297	0.711455934	0.819203844	0.711705116	0.903322805	0.902007336	0.734412592	0.86544259	0.899324628	0.815100112	0.913897933
0.024678773	0.928991978	0.014342986	0.58620404	0.216666667	0.674440014	0.493205495	0.394417764	0.648435169	0.601164067	1	0.466592212	0.958874558	0.841034873	0.618297303	0.914827924	0.899536811	0.672636489	0.857296564	0.771716256
0.027879281	0.845066777	0.562221135	0.055968314	0.6	0.288141859	0.463410859	0.656308876	0.290433306	0.522729	0.462126802	0.151462339	0.927542743	0.85221911	0.568518854	0.871316852	0.899458375	0.632327254	0.840038738	0.755181066
0.033383217	0.464271708	0.791538985	0.74523978	0.066666667	0.638687559	0.567137666	0.437620612	0.424103339	0.302806373	0.406634357	0.289138655	0.631773088	0.868874618	0.747690276	0.574461223	0.740653268	0.710151334	0.596897346	0.675075348
0.038190207	0.398765334	0.28792451	0.23956085	0.666666667	0.759279936	0.138831212	0.551271259	0.460007935	0.543910438	0.327183054	0.569141174	0.734897269	0.938830422	0.876634724	0.751191109	0.900508362	0.886425585	0.849810644	0.939525784
0.044804863	0.518405224	0.996809527	0.287683314	0.116666667	0.766888479	0.242432724	0.611446472	0.236485483	0.539432074	0.529781114	0.4345954	0.744580692	0.923456298	0.759418029	0.697252454	0.839110871	0.750303373	0.722026968	0.770565939
0.049871719	0.039392657	0.366602673	0.710983143	0.983333333	0.566875893	0.178471203	0.553747187	0.376445622	0.550100601	0.492152912	0.664542626	0.57303739	0.766834218	1	0.656403322	0.792720974	1	0.806514489	0.983570357
0.055216146	0.788674178	0.725056371	0.022772882	0.55	0.364228348	0.145001519	0.819574256	0.53940511	0.588028372	0.340761335	0.684992942	0.943937395	0.95338023	0.718826178	0.934068599	0.994382801	0.782976936	0.969767511	0.933526105
0.057126558	0.771733494	0.687532497	0.029846746	0.516666667	0.63349677	0.475324844	0.531718068	0.311849591	0.503485835	0.283544321	0.98667913	0.945315901	0.955750387	0.724486846	0.939927675	1	0.791094536	0.979646902	0.94491453
0.063092453	0.861957124	0.522363251	0.947540868	0.516666667	0.577384273	0.61425235	0.827339839	0.644948595	0.230689527	0.4324871	0.571971234	0.961657032	0.902571429	0.654994756	0.922589838	0.944442132	0.712671134	0.900044823	0.832835155
0.069567726	0.704763321	0.310314701	0.899839916	0.45	0.164284376	0.111088193	0.766278013	0.51423333	0.518862778	0.201057289	0.473485407	0.892083266	0.941443882	0.682933178	0.861007525	0.949217829	0.732038643	0.894635334	0.865196072
0.072290977	0.821118382	0.598307919	0.289997202	0.2	0.433045818	0.225681273	0.637702517	0.574927457	0.400274177	0.575217682	0.496756205	0.935485793	0.855024423	0.611046852	0.882445722	0.893510356	0.657754169	0.836613498	0.757815845
0.079611866	0.924411099	0.675154042	0.20514299	0.033333333	0.54898912	0.443612431	0.850853312	0.436363703	0.749496693	0.572209552	0.321081043	0.928769391	0.758096575	0.467974264	0.84866769	0.832978704	0.529770293	0.774052846	0.652830639
0.082635617	0.396703276	0.909488293	0.365725725	0.766666667	0.44233499	0.445977467	0.932622069	0.789921042	0.150506679	0.500320949	0.924152058	0.828810302	0.982292062	0.919080193	0.861401973	0.965434813	0.938253044	0.938740651	1
0.08853605	0.248693005	0.425389707	0.754469267	0.25	0.647480341	0.604236632	0.296704479	0.729358452	0.455620712	0.546050001	0.405573025	0.560214029	0.794304456	0.883547572	0.568162883	0.722500954	0.845447973	0.644463531	0.786736894
0.095222416	0.098621719	0.711556358	0.386865722	0.816666667	0.28365122	0.700577865	0.633530423	0.339021485	0.5520149	0.597645052	0.677889486	0.599977767	0.789075514	0.979242919	0.677790742	0.80375625	0.975975339	0.809898091	0.963508094
0.098086102	0.658567029	0.256171669	0.895314447	0.6	0.353713154	0.387873837	0.411776298	0.329827907	0.111882924	0.182629149	0.832983149	0.889460682	0.975025907	0.765941613	0.879581255	0.969379626	0.807516481	0.921126805	0.917514397
0.104414184	0.320916826	0.228304357	0.390636909	0.533333333	0.251812621	0.342929008	0.277613571	0.306152663	0.418480343	0.427556595	0.494386312	0.66825457	0.872560052	0.880128449	0.686945011	0.828732194	0.872549194	0.773155881	0.881629071
0.111866109	0.848842248	0.950955441	0.756708282	0.566666667	0.227557052	0.402701073	0.927284801	0.743571429	0.546274792	0.260322379	0.417857967	0.963314844	0.90997169	0.62767157	0.925347693	0.966240756	0.698970529	0.930890468	0.857976908
0.116697606	0.002742013	0.933351259	0.500347446	0.966666667	0.422147353	0.527883854	0.578425382	0.563177862	0.38924495	0.701135604	0.125929497	0.434333024	0.648452473	0.969130589	0.50053535	0.632957743	0.932657398	0.612043977	0.815888257
0.12015676	0.281146195	0.131399904	0.074075874	0.1	0.420863467	0.387209666	0.580422701	0.412107757	0.54819045	0.451111708	0.775492912	0.599204043	0.811114458	0.890518614	0.628165949	0.77592985	0.877104611	0.727364689	0.864947849
0.124768667	0.427935637	0.620265517	0.232380996	0.866666667	0.660529546	0.430403782	0.883469324	0.468020183	0.498489997	0.36668679	0.454813008	0.745612926	0.922816275	0.870252217	0.755659983	0.884738174	0.873555092	0.83645274	0.91634302
0.128230912	0.880566574	0.62772424	0.396249882	0.75	0.589979316	0.319543723	0.665274668	0.587487795	0.870293463	0.565723297	0.050643821	0.948821425	0.796579722	0.528038336	0.886568893	0.873160328	0.587054971	0.834804076	0.722818828
0.134962604	0.454064951	0.928497525	0.798461328	0.066666667	0.564379003	0.278409646	0.647237267	0.554739883	0.281983813	0.568697835	1	0.790164612	0.934127114	0.846961864	0.777437526	0.881934896	0.841643017	0.811266509	0.86299336
0.140391222	0.297504262	0.778832548	0.973065087	0.283333333	0.613935225	0.357868501	0.514429615	0.284284374	0.589934619	0.640559487	0.185734114	0.513978757	0.749441044	0.860041092	0.495524452	0.64440203	0.797209981	0.547579724	0.698598861
0.144272606	0.933858846	0.168882519	0.008731596	0.55	0.66619609	0.483565792	0.779141095	0.491759424	0.295981435	0.608520826	0	0.900891613	0.696781155	0.444640879	0.801861007	0.749332524	0.480095401	0.672470133	0.546912368
0.14968236	0.14260761	0.043044504	0.886397357	0.416666667	0.307556326	0.468682665	0.568443914	0.614534145	0.695093489	0.598887832	0.310796465	0.47896269	0.698728064	0.921235495	0.525035869	0.66692335	0.887879986	0.635131901	0.812280562
0.15349595	0.479457511	0.092382164	0.707703424	0.266666667	0.814875071	0.306689422	0.494485035	0.605016303	0.333279639	0.43145426	0.316028729	0.673736813	0.842732254	0.765528617	0.624273778	0.752284954	0.730287476	0.640514569	0.703420752
0.161828238	0.731584794	0.980645693	0.087119458	0.616666667	0.94643871	0.562637061	0.401020477	0.342777016	0.585647959	0.445831374	0.158838168	0.848651097	0.859585206	0.615138929	0.776660055	0.84253112	0.630965877	0.749551382	0.706112619
0.166054766	0.290903286	0.989367639	0.488494866	0.916666667	0.58088495	0.233697862	0.598731428	0.317267088	0.351609897	0.28904224	0.089229084	0.550034071	0.800911043	0.88403649	0.546333657	0.713620091	0.839831585	0.628537723	0.780970721
0.168615999	0.904271648	0.411804947	0.127042778	0.25	0.426858173	0.433317357	0.796581062	0.369430544	0.673915291	0.493994698	0.069256473	0.900449995	0.68882942	0.395398087	0.80234913	0.76731077	0.453030896	0.702287451	0.565502682
0.17578079	0.351851872	0.406062419	0.768489996	0.9	0.402759257	0.171909949	0.353898526	0.501862921	0.466296211	0.452900107	0.046179799	0.61927728	0.837027131	0.85753545	0.60818451	0.757356694	0.823536436	0.671610926	0.788483897
0.181278771	0.167599545	0.276889194	0.208845412	0.05	0.496812602	0.421537705	0.625080833	0.509647976	0.721442408	0.665087444	0.403935718	0.41324348	0.640156015	0.900623106	0.444935639	0.587247514	0.850126823	0.539587384	0.730614951
0.182902846	0.47279396	0.208338399	1	0.7	0.264557006	0.730961792	0.519364811	0.476136539	0.412596158	0.436625481	0.36501052	0.751484642	0.911399227	0.817844753	0.747860375	0.864866007	0.820994948	0.802800945	0.859991603
0.190403644	0.524140724	0.739697617	0.614887401	0.85	0.700236764	0.296484305	0.361829821	0.420357715	0.292347366	0.331992125	0.175939621	0.759750975	0.894316684	0.75887834	0.70936594	0.822604136	0.740603509	0.721010407	0.755828977
0.194113719	0.804476537	0.585495729	0.733044955	0.816666667	0.386665447	0.410983441	0.735125265	0	0.473244963	0.307605781	0.135199225	0.890546738	0.837887624	0.572209461	0.821399078	0.856586512	0.610644986	0.787513245	0.71685353
0.200391037	0.652907888	0.459116523	0.674708208	0.5	0.623721439	0.569968877	0.539687242	0.351323719	0.570050548	0.643103063	0.942255679	0.906264793	0.949479051	0.794949331	0.901400325	0.956483151	0.827808818	0.928757996	0.924164169
0.207753507	0.069273813	0.498953305	0.254003855	0.75	0.547692223	0.399754364	0.558796112	0.569805964	0.308858487	0.507223038	0.163622945	0.407690155	0.615943296	0.922113444	0.447132601	0.571946869	0.871240797	0.535617492	0.728797176
0.211999999	0.590282484	0.509728409	0.771496421	0.483333333	0.725069034	0.345688656	0.638298376	0.455233884	0	0.674579783	0.278442543	0.79813566	0.846531574	0.724302698	0.723509581	0.77244345	0.690202679	0.659012393	0.65817217
0.217229172	0.512560518	0.299057201	0.545980095	0.2	0.49818491	0.630866609	0.503628876	0.44929909	0.536256534	0.51904408	0.284347384	0.699954619	0.819469955	0.701136226	0.644664227	0.746164455	0.678198523	0.647403584	0.680089173
0.222444907	0.958995584	0.25015316	0.429490318	0.733333333	0.3861608	0.455217855	0.336394857	0.431517047	0.633433743	0.585703101	0.750888447	0.991625275	0.849742684	0.655724627	0.983144878	0.953566433	0.732501941	0.968730424	0.889447252
0.224469614	0.566529187	0.848394369	0.692494254	0.3	0.312398854	0.751316319	0.406123134	0.654411852	0.603169378	0.589308201	0.761611619	0.850790522	0.933346032	0.7819565	0.838824874	0.915668027	0.80387437	0.870732258	0.880970937
0.232412505	0.029072092	0.797338989	0.06017093	0.383333333	0.505734912	0.695053123	0.698741208	0.332459814	0.573906574	0.270241126	0.561106735	0.327222289	0.556878565	0.941574738	0.409563491	0.553712775	0.91148348	0.560751954	0.800122848
0.23429801	0.66838081	0.954541907	0.412565243	0.783333333	0.631223836	0.273939099	0.546154909	0.356000978	0.488913886	0.528935627	0.983895961	0.932271837	0.987115742	0.827914276	0.935076228	0.996874061	0.865116965	0.975774921	0.974873457
0.239006567	0.462062733	0.894217853	0.021140095	0.2	0.538969764	0.536777514	0.689653883	0.383524247	0.657062376	0.536823616	0.529062419	0.716470254	0.860327022	0.787122694	0.69468202	0.806755748	0.775586418	0.733305873	0.792750178
0.244004269	0.693550026	0.921340154	0.55533068	0.433333333	0.53460412	0.640347172	0.58816024	0.643456145	0.17054467	0.533369992	0.297783929	0.858946433	0.842204692	0.637224138	0.787199702	0.817870952	0.64402785	0.724892343	0.683681545
0.252419399	0.792351181	0.798683157	0.217906817	0.766666667	0.884448948	0.487963558	0.892068093	0.692211052	0.235300174	0.483460639	0.870282613	0.952460407	0.921871993	0.751446908	0.939907515	0.958854803	0.792593459	0.939432186	0.902464058
0.255351729	0.614009614	0.048246615	0.139740583	0.1	0.592073692	0.41353969	0.282152048	0.470000749	0.289579823	0.479826056	0.113881193	0.650040724	0.686305782	0.560776984	0.537797289	0.588318164	0.504428808	0.461411637	0.453624566
0.260085775	0.223177668	0.339153414	0.943879828	0.983333333	0.64169787	0.349388614	0.595482313	0.465452576	0.260029737	0.274412558	0.35098303	0.583082109	0.784634226	0.915458532	0.603437307	0.73857729	0.885526605	0.691495741	0.837214918
0.267349622	0.983312917	0.662215656	0.685444128	0.716666667	0.360066064	0.231134628	0.305159508	0.779349386	0.528545401	0.46416137	0.215264193	0.963824153	0.752238243	0.514351486	0.910038367	0.851005441	0.575364552	0.833858706	0.709137986
0.269231599	0.353278881	0.303477307	0.458339566	0.85	0.772115448	0.258686324	0.808136422	0.515353942	0.619905567	0.470766662	0.62708292	0.746539557	0.896508409	0.901100694	0.766165615	0.875390104	0.901816538	0.846883196	0.933424586
0.277731265	0.274555317	0.73776581	0.636549054	0.033333333	0.413863123	0.509006239	0.60872285	0.796325506	0.223432843	0.679988234	0.645521733	0.591144737	0.746748844	0.860175863	0.584141537	0.678170377	0.809226526	0.609911325	0.717345797
0.280554084	0.010348147	0.464849295	0.154457614	0.533333333	0.370840801	0.360790327	0.416614697	0.698823401	0.615716269	0.418265242	0.977349223	0.549170104	0.717150255	0.964542301	0.629975388	0.74542982	0.965231326	0.767608913	0.939368828
0.284091763	0.172773595	0.478083013	0.644179561	0.433333333	0.44351499	0.339189449	0.65283689	0.59464343	0.918263378	0.389675189	0.604016981	0.537780781	0.746305113	0.934351376	0.586780189	0.72997121	0.917710889	0.7168169	0.888269842
0.289646438	0.738866329	0.074227584	0.248063742	0.9	0.597924652	0.419343189	0.549730326	0.658706337	0.581718974	0.391933747	0.198893362	0.86526515	0.851828678	0.66015813	0.825952377	0.867330749	0.686160218	0.819851919	0.780321715
0.295938106	0.825457495	0.183411351	0.495537407	0.8	0.490309211	0.334720471	0.320899585	0.595634085	0.382720142	0.543065085	0.696345022	0.957711019	0.884148917	0.708026844	0.944189441	0.942948955	0.758330421	0.933957855	0.879685939
0.302228347	0.18929639	0.604045418	0.270786036	0.166666667	0.142989031	0.438629532	0.631096347	0.752311776	0.63559194	0.295397584	0.085188161	0.306405346	0.564017081	0.823626107	0.315614139	0.468263822	0.746910527	0.405546934	0.617757328
0.30531914	0.628924949	0.101159396	0.006376013	0.816666667	0.560964899	0.673782461	0.56168228	0.63997135	0.61165622	0.789468842	0.719766686	0.899489173	0.915864487	0.801451483	0.908591029	0.943096346	0.836483243	0.934032037	0.929621334
0.308621059	0.112963168	0.642729401	0.724999262	0.05	0.459288146	0.410333675	0.301627467	0.550217603	0.613002083	0.411393676	0.855192927	0.432450112	0.643606569	0.93041209	0.485783592	0.620828654	0.896452926	0.605374241	0.802199689
0.318382686	0.981045048	0.411078855	0.811928674	0.95	0.383442766	0.588931026	0.21311964	0.527443715	0.924950897	0.580780536	0.813954845	1	0.866897298	0.685011843	1	0.972455849	0.760863919	1	0.927912048
0.321077233	0.799543522	0.53627193	0.738965307	0.933333333	0.569219346	0.050050604	0.403906464	0.426091953	0.806834956	0.743020342	0.337868972	0.934275823	0.886542584	0.715138661	0.905328916	0.917043629	0.743845746	0.890078725	0.843750279
0.327714196	0.16068422	0.716083752	0.609634051	0.333333333	0.230478355	0.2137556	0.674500056	0.531763622	0.253509612	0.447626602	0.02411602	0.277562165	0.475155859	0.831815133	0.269836451	0.364855806	0.726927392	0.302353186	0.512435426
0.332981785	0.554440109	0.224337751	0.263586915	0.483333333	0.30105054	0.519791739	0.382249583	0.522823868	0.6373556	0.634076932	0.395120445	0.767702634	0.838577813	0.760003518	0.746531999	0.81274918	0.755916817	0.760495855	0.785532966
0.336970677	0.155549607	0.441554987	0.601818268	0.683333333	0.52301411	0.543060823	0.728338962	0.581463085	0.78417886	0.592693705	0.02717107	0.397827898	0.59876843	0.876228986	0.41930122	0.5386926	0.81696672	0.499961886	0.687383458
0.341153168	0.616825532	0.450181528	0.172088802	0.383333333	0.717544772	0.29220535	0.448235703	0.320524766	0.354271279	0.547494012	0.262800097	0.747512752	0.776431345	0.667997555	0.671072745	0.719973877	0.633636617	0.62707247	0.623878206
0.345797284	0.540489538	0.638068755	0.526895022	0.266666667	0.397920427	0.589487493	0.715493627	0.155059693	0.440095959	0.460270216	0.171844221	0.654244358	0.735208538	0.644423266	0.578262715	0.64985118	0.600252492	0.550670775	0.575420304
0.350512124	0.326443644	0.025343877	0.633144625	0.4	0.323911062	0.317062828	0.476559653	0.955140779	0.663072988	0.621978349	0.929299789	0.753070664	0.874260162	0.894318696	0.783133619	0.870074676	0.899620766	0.857254229	0.932828317
0.35378725	0.013368975	0.199541161	0.470232213	0.516666667	0.257060096	0.401400459	0.842103629	0.4441174	0.595503782	0.579110925	0.108343497	0.27241488	0.454880509	0.890983348	0.325730874	0.422698253	0.832865689	0.418289607	0.650142573
0.359737624	0.437142842	0.816948519	0.434224872	0.783333333	0.342604654	0.532775716	0.791467444	0.739929403	0.741434211	0	0.531354036	0.748816506	0.922221123	0.81272061	0.752292754	0.89333604	0.826994719	0.855784148	0.919360471
0.364106894	0.894089065	0.421149525	0.825103495	0.516666667	0.378555811	0.426600086	0.183716494	0.591858279	0.799908549	0.409859861	0.43585647	0.941505953	0.777134697	0.547433137	0.898931342	0.867991823	0.607450058	0.858919799	0.752694531
0.372708388	0	0.274229409	0.362472933	0	0.507146685	0.245750608	0.575550795	0.54849982	0.43535488	0.851990618	0.461279131	0.32014816	0.468944335	0.881834536	0.350066697	0.421215549	0.813432028	0.397356184	0.60609986
0.375748453	0.976641158	0.377853201	0.071397734	0.566666667	0.194900836	0.651104961	0.619363983	0.717809658	0.556826016	0.569182965	0.862635357	0.964391181	0.79744205	0.632646077	0.96213961	0.909383719	0.707162658	0.93657042	0.854938664
0.379004912	0.570691415	0.469396892	0.313240566	0.283333333	0.663351355	0.782005009	0.40917026	0.578202775	0.442343536	0.357377365	0.015748871	0.614812731	0.63066091	0.510355282	0.505135314	0.545258374	0.457467291	0.439937993	0.425616288
0.385370675	0.076095253	0.213540237	0.83219456	0.266666667	0.482535531	0.497141598	0.547814022	0.51787608	0.568082239	0.396463856	0.272120865	0.272914027	0.468900316	0.865308956	0.306288422	0.412749518	0.796191858	0.393026496	0.61875611
0.393183963	0.300308651	0.752997579	0.931041356	0.65	0.335778641	0.08371722	0.757421245	0.196691747	0.82406892	0.611245973	0.514358895	0.686535802	0.837040859	0.901580822	0.698931667	0.804311497	0.884668631	0.771391105	0.87732652
0.398511918	0.63114637	1	0.041469691	0.133333333	0.585603803	0.578842569	0.459886255	0.483845355	0.729817394	0.443542167	0.251734115	0.73422382	0.716633541	0.552422431	0.647479827	0.687124304	0.536582965	0.606914501	0.571140959
0.400996161	0.560748472	0.632803596	0.200606226	0.75	0.479646967	0.546638729	0.865595599	0.249891722	0.64243155	0.563923006	0.999772525	0.865136634	0.930282709	0.847547535	0.879548175	0.93889901	0.871063585	0.929912977	0.953867358
0.408234983	0.810558497	0.756943593	0.934527235	0.083333333	0.599663862	0.383837103	0.506660188	0.573684541	0.372319924	0.562730565	0.65892674	0.870643855	0.769115101	0.595318917	0.801099276	0.783101276	0.601624929	0.722810773	0.656527294
0.411323086	0.909062255	0.365824194	0.576805462	0.666666667	0	0.205200294	0.693252231	0.752146344	0.422334422	0.511772409	0.757185613	0.968340243	0.848602215	0.915199036	0.959876285	0.932345421	0.739548379	0.942852179	0.875825921
0.418497976	0.333267242	0.66451468	0.444755556	0.833333333	0.376631582	0.309983361	0.092880264	0.678393374	0.445572357	0.368704836	0.004449278	0.540699572	0.708665303	0.790276252	0.51194127	0.621272011	0.729533074	0.545294199	0.655247969
0.420217657	0.964097877	0.977473743	0.381667652	0.35	0.729370701	0.336329381	0.528612218	0.673208474	0.704850839	0.48057001	0.055936903	0.883897616	0.547104566	0.31340825	0.780267485	0.656343928	0.349838466	0.627763739	0.448775601
0.426630737	0.418513219	0.888851872	0.981824361	0.333333333	0.517159363	0.369159272	0.607652157	0.417350165	0.514807801	0.668021902	0.410151442	0.679786079	0.793062202	0.804238748	0.644609414	0.724742932	0.761584503	0.652595642	0.716554981
0.430239979	0.240107074	0.372607253	0.79250376	0.916666667	0.303635923	0.312131131	0.384213896	0.488068302	0.626314862	0.602310397	0.803126981	0.725403946	0.858900284	0.940347727	0.769430248	0.860874865	0.942744341	0.85992637	0.959776326
0.438248643	0.727439341	0.610863016	0.653640737	0.05	0.519807226	0.381114349	0.52224293	0.298914171	0.416611519	0.526472405	0.554761315	0.800628109	0.712016929	0.569075378	0.71991247	0.706923263	0.557025832	0.643364033	0.586506095
0.441702583	0.109476429	0.185448583	0.918744155	0.85	0.691888448	0.298125673	0.750631698	0.486483076	0.358006863	0.722491355	0.867755923	0.66558687	0.777498125	0.945817256	0.710555155	0.784069067	0.93928359	0.784178128	0.90498844
0.445843991	0.271210739	0.055442104	0.148016129	0.033333333	0.434158372	0.043819555	0.49941132	0.600454067	0.72263321	0.745329333	0.540936265	0.562335259	0.677505014	0.825512071	0.553458002	0.628719076	0.777693534	0.582316792	0.692630898
0.450403758	0.255230951	0.775264344	0.878999141	0.483333333	0.315154022	0.194071562	0.522165015	0.180859206	0.347297791	0.771143718	0.362721858	0.606431758	0.714475222	0.843866195	0.588921975	0.650504851	0.787719426	0.595243246	0.69002875
0.45498548	0.26257144	0.837604526	0.400777373	0.633333333	0.46389184	0.201269366	0.705777024	0.310696475	0.584057182	0.224219645	0.674030937	0.64633503	0.811114458	0.886478719	0.66130323	0.78006519	0.869997298	0.748799125	0.866995059
0.462173977	0.706444007	0.538091608	0.115632546	0.166666667	0.405595694	0.607555154	0.426463176	0.369038439	0.529204326	0.692057581	0.797904021	0.849558162	0.78200561	0.662058582	0.814263158	0.805184878	0.674814501	0.773532816	0.732390593
0.46826365	0.779905516	0.290639438	0.646107346	0.216666667	0.546280824	0.465210047	0.542266406	0.293818651	0.703621707	0.631631599	0.87958267	0.892513999	0.804201802	0.656272045	0.862375309	0.84929687	0.683724057	0.831554046	0.775440664
0.473479746	0.125398428	0.767277547	0.532920506	0.683333333	0.449844514	0.503507756	0.584705759	0.63712173	0.457928847	0.381947171	0.904730626	0.636936354	0.786107346	0.935560549	0.682657285	0.783806732	0.927275674	0.78080657	0.910408928
0.478484397	0.860688602	0.828253661	0.111072599	0.55	0.821906872	0.623621273	0.615741858	0.589468105	0.74510829	0.305932728	0.917819425	0.936307564	0.833651523	0.651785037	0.919168427	0.910560841	0.701924206	0.914760864	0.84606902
0.480445497	0.058737157	0.812893073	0.450872859	0.6	0.655036213	0.557357603	0.566194112	0.255134326	0.207266365	0.385208312	0.524502057	0.440862711	0.596919831	0.895227471	0.472492499	0.559154722	0.845922131	0.540464889	0.709911927
0.486844365	0.218910858	0.830097602	0.663630174	0.166666667	0.500877155	0.460330651	0.585030852	0.774345162	0.377124701	0.487024802	0.89241916	0.590708932	0.732248881	0.885288045	0.606564953	0.697177838	0.851382859	0.665326933	0.786383332
0.492679309	0.916791068	0.589470522	0.47542677	0.95	0.337298344	0.428834266	0.455010951	0.126245851	0.42781641	0.549487465	0.106052384	0.894989453	0.675348354	0.4892005	0.829913444	0.750333573	0.524616807	0.722992726	0.613777554
0.494796984	0.184494283	0.901203918	0.573472779	0.466666667	0.091603577	0.322445038	0.50924025	0.115460607	0.371056464	0.620807631	0.390552342	0.537364065	0.669256829	0.856615735	0.543698769	0.617416278	0.804216773	0.580060366	0.70174172
0.50209529	0.528076149	0.516910382	0.275888165	0.2	0.157003322	0.500990316	0.445403465	0.481083942	0.344681943	0.736881417	0.768184732	0.766031965	0.774401086	0.751642154	0.741920055	0.759489859	0.734780613	0.719391573	0.731535654
0.505889498	0.302812102	0.86717972	0.764469407	0.15	0.391298793	0.407809644	0.853187151	0.566801623	0.533174162	0.33587238	0.222422396	0.397827898	0.553892105	0.756873827	0.37054245	0.454804168	0.669706504	0.397087452	0.54436133
0.511336386	0.939658072	0.006683799	0.097593201	0.8	0.408962143	0.301310444	0.672777177	0.478990458	0.629177165	0.617962831	0.444098201	0.915746445	0.743925858	0.603803724	0.897783738	0.836067399	0.64828838	0.846283623	0.76018309
0.51712597	0.422082825	0.164345312	0.338034438	0.233333333	0.572516342	0.183160695	0.481054457	0.489382383	0.687430918	0.717280075	0.833800169	0.728433623	0.796956698	0.826035213	0.722939834	0.77848496	0.808891275	0.744952385	0.80213449
0.521611919	0.315972881	0.856557687	0.507309207	0.966666667	0.747444436	0.598175794	0.431486918	0.567598718	0.214315174	0.539490612	0.72743729	0.755996976	0.849340537	0.883974136	0.762915249	0.828234438	0.870345431	0.797799835	0.864781432
0.525660005	0.200820318	0.695761743	0.519668295	0.316666667	0.328503805	0.538945741	0.525618562	0.438363686	0.577881724	0.399968595	0.844424255	0.582827801	0.725428363	0.879949697	0.610003311	0.704115159	0.855282479	0.687999728	0.813330689
0.52966222	0.596236741	0.504413993	0.906583724	0.933333333	0.707955835	0.507464754	0.968469565	0.607905974	0.682655415	0.559815937	0.704018066	0.880221447	0.91002926	0.813492406	0.876955269	0.919367676	0.830199734	0.90387653	0.909180315
0.534675696	0.710636709	0.328367385	0.66848643	0	0.481433112	0.415457096	0.495501498	0.710137715	0.735345989	0.587837188	0.614719354	0.807166053	0.720019714	0.591350595	0.748277543	0.736662589	0.590440351	0.694695001	0.643227753
0.54094888	0.449400799	0.575434788	0.13626814	0.466666667	0.875562578	0.39213579	0.621207166	0.725600379	0.497172629	0.423177259	0.4822425	0.707238293	0.776346546	0.764854271	0.672124651	0.736880703	0.73420748	0.680773834	0.722052241
0.548085979	0.946521695	0.390098423	0.680466179	0.35	0.686365437	0.571322416	0.463742187	0.800385024	0.506387291	0.458747253	0.546364633	0.908607599	0.646947319	0.471691583	0.860249585	0.756565249	0.516622135	0.75685368	0.630238223
0.551279765	0.373225823	0.86312055	0.515110793	0.933333333	0.472951172	0.516005012	0.590798967	0.386959915	0.677557237	0.706444475	0.333335911	0.698750126	0.797727536	0.851869152	0.69743887	0.767271856	0.828492349	0.732078125	0.808638049
0.55841843	0.921830264	0.758950095	0.045722774	0.016666667	0.368729507	0.249192298	0.465918506	0.655170543	0.757032386	0.41537591	0.373970837	0.84353503	0.56265873	0.369350615	0.762411432	0.662730731	0.400928091	0.648368841	0.502550005
0.563670888	0.650069958	0.567887104	0.810505256	0.783333333	0.485310581	0.522320137	0.369313093	0.733098039	0.180317946	0.420269993	0.422273321	0.820906843	0.779482961	0.686701136	0.77514956	0.776130471	0.676040624	0.729146219	0.704848521
0.564967915	0.557114254	0.096435669	0	0.366666667	0.51582168	0.708852416	0.557165563	0.558164807	0.700304825	0.34398041	0.936260916	0.774826025	0.811468862	0.762264549	0.772472417	0.822871682	0.7691221	0.807486965	0.828570697
0.569769682	0.080069795	0.947337021	0.28094933	0.916666667	0.701357464	0.488883444	0.474040664	0.531931708	0.670204777	0.35077724	0.649785509	0.553783652	0.699860839	0.924588384	0.602155619	0.699961175	0.910229095	0.705996145	0.861914681
0.578408001	0.723372931	0.544124177	0.492068006	0.833333333	0.79114696	0.377119743	0.62716817	0.69698291	0.561733059	0.553819304	0.11874693	0.809914541	0.713105052	0.600546926	0.741920055	0.719778914	0.585379839	0.672423456	0.619198748
0.583113205	0.103161763	0.128108852	0.84646192	0.266666667	0.830121603	0.326637058	0.813995489	0.380610226	0.393241353	0.474371593	0.033327874	0.104348394	0.208549156	0.753139943	0.080637785	0.120645755	0.620513131	0.071752269	0.317613995
0.587741353	0.576157592	0.93704413	0.778515669	0.95	0.42971346	0.583150439	0.542474253	0.674652949	1	0.524801749	0.355393729	0.832933754	0.859037716	0.757214859	0.815467289	0.862028653	0.765950767	0.838497166	0.840107273
0.594443907	0.408687455	0.77313963	0.300315526	0.816666667	0.650890381	0.678120709	0.291712858	1	0.464996377	0.68484128	0.965304664	0.813320434	0.876563356	0.880306417	0.832258702	0.880915196	0.885228751	0.873892656	0.919252006
0.595691733	0.181190264	0.849967262	0.856824863	0.066666667	0.493756029	0.332901615	0.230159598	0.276608258	0.761965378	0.754941933	0.143395914	0.236039526	0.347650582	0.761786915	0.215024871	0.25943539	0.648062075	0.215102144	0.413208964
0.604760869	0.049487621	0.250751358	0.616824427	0.316666667	0.531771218	0.555149895	0.592568919	0.666525868	0.893371408	0.662602847	0.888405976	0.500163405	0.619971736	0.910291908	0.561767249	0.636266307	0.896159057	0.659592299	0.822529565
0.606005396	0.217018221	0.135408804	0.85328973	0.55	0.474702156	0.361964998	0.615429595	0.408681369	0.470762851	0.595268626	0.690174899	0.62017511	0.720240676	0.874971295	0.63822676	0.702854874	0.848450113	0.686456704	0.792318286
0.610119472	0.670661835	0.475934657	0.321333146	0.133333333	0.44608774	0.330059846	0.641291573	0.525401644	0.841744552	0.725939303	0.503959172	0.780213121	0.71974269	0.63935634	0.730114038	0.72423577	0.626604709	0.686184455	0.657400419
0.616103389	0.285834263	0.892479215	0.353318751	0.616666667	0.321288657	0.484241244	0.628063527	0.844646307	0.813650788	0.603814325	0.56387623	0.668960555	0.778386072	0.873024913	0.688540884	0.765653336	0.858059341	0.751534317	0.846364825
0.623535106	0.164777418	0.560640619	0.441660272	0.866666667	0.393919402	0.266730657	0.392358148	0.22882233	0.477030072	0.837281091	0.712692892	0.670034682	0.758761723	0.91354001	0.702123553	0.758183009	0.899641821	0.753519326	0.857840513
0.626775826	0.084802759	0.648985278	0.564360621	0.383333333	0.437855106	0.434314856	0.480640735	0.624579167	0.715841381	0.489654747	0.448529063	0.393714628	0.523467984	0.858176502	0.430726892	0.500581965	0.811107001	0.504642619	0.679611051
0.633594742	0.229627383	0.870036948	0.422361211	0.883333333	0.349502939	0.471200113	0.439627274	0.719226104	0.275994133	0.577692856	0.587753418	0.651691051	0.740007884	0.883052697	0.671150779	0.726798849	0.859242529	0.712554434	0.808501056
0.638013177	0.766592157	0.323474532	0.988577334	0.666666667	0.454304975	0	0.512239063	0.213535922	0.665289257	0.624435083	0.74699824	0.909012371	0.820194455	0.707113983	0.889797449	0.86765201	0.727347148	0.863138397	0.815001661
0.640626752	0.130982531	0.963155628	0.372197296	0.116666667	0.345702065	0.355246158	0.231657414	0.537583036	0.481009425	0.470976076	0.785899243	0.461197993	0.576023186	0.845443519	0.482936597	0.544779043	0.796091242	0.535028175	0.679052967
0.648356295	0.378697032	0.235558954	0.595890176	0.716666667	0.795608025	0.561143238	0.783564039	0.365211573	0.368329409	0.39448845	0.805724383	0.737149029	0.799484795	0.826164953	0.73383899	0.786237961	0.811301505	0.75988711	0.813498842
0.653805392	0.137661172	0.01923674	0.179219609	0.733333333	0.607835329	0.424375676	0.420227601	0.61890223	0.42496321	0.652874433	0.247225019	0.459634433	0.541824216	0.826484929	0.472805134	0.509160164	0.770637402	0.497463387	0.632816723
0.659495581	0.663644802	0.154523886	0.553109443	0.7	0.201810041	0.450031291	0.378331269	0.686277483	0.692100454	0.557499955	0.949375594	0.88276717	0.861801499	0.779120542	0.889852516	0.902029548	0.806691813	0.909926073	0.899055736
0.660295978	0.78214565	0.994036906	0.675540673	0.566666667	0.55418905	0.667581883	0.314659074	0.634700383	0.42852696	0.455452037	0.18179914	0.78556392	0.601194352	0.477800645	0.698729045	0.629998438	0.468194957	0.596281079	0.504465052
0.665967514	0.035519032	0.38466323	0.727889162	0.583333333	0.130174146	0.512647087	0.492058287	0.39968704	0.379933563	0.387961287	0.944555055	0.513237716	0.630065577	0.911885704	0.578931235	0.648582285	0.899018764	0.674235654	0.829045209
0.672872503	0.995405997	0.84058586	0.992945008	0.9	0.416082007	0.610470745	0.484639406	0.269813553	0.43193252	0.532060976	0.734392241	0.952499871	0.761909949	0.61279895	0.935996073	0.861043297	0.66454077	0.879679653	0.787661855
0.676397234	0.888448552	0.729436549	0.969150466	0.6	0.467589006	0.551848062	0.669282828	0.411316786	0.623059953	0.246546207	0.348238661	0.878080374	0.628780156	0.439901956	0.818974201	0.732942658	0.480600186	0.730329531	0.606233209
0.684513899	0.545480352	0.915484876	0.081363957	0.75	0.561438359	0.440821015	0.264836392	0.681956569	0.304911659	0.496198483	0.128318046	0.664572047	0.647905887	0.657740474	0.600994902	0.60227272	0.603021055	0.548370397	0.556454007
0.687470745	0.587860847	0.612857016	0.594011784	1	0.291184161	0.253275232	0.742885613	0.604230261	0.55933168	0.268081876	0.779971909	0.872312766	0.898512458	0.803239735	0.873514573	0.9176478	0.823716929	0.911212095	0.915630877
0.691839692	0.40811235	0.876770863	0.012891176	0.3	0.679431497	0.238557078	0.373605289	0.760463675	0.493791106	0.170365836	0.264272991	0.49550549	0.57039902	0.670033495	0.443630999	0.495674118	0.59524498	0.441861632	0.519611603
0.698261156	0.119625947	0.349338386	0.720263322	0.583333333	0.539816916	0.636186485	0.530256079	0.499892553	0.454061782	0.656985582	0.19600364	0.319194764	0.390346259	0.797283626	0.338196694	0.352886906	0.721251907	0.357078161	0.526576283
0.70211864	0.204627447	0.440043897	0.887679967	0.616666667	0.551612581	0.37554381	0.372226234	0.388111127	0.190039481	0.541232177	0.707335895	0.60102752	0.672162437	0.85197906	0.606436641	0.645314449	0.811255294	0.626502908	0.721063648
0.709718483	0.873146988	0.176331515	0.788187996	0.083333333	0.221607213	0.37134251	0.398805752	0.431798513	0.485616025	0.299458466	0.078856488	0.664561588	0.283014777	0.175877207	0.53833696	0.362757494	0.159622396	0.359266764	0.17823437
0.711877221	0.622404951	0.552902424	0.512081627	0.366666667	0.461478883	0.515232968	0.696581318	0.361881144	0.403962022	0.58398469	0.543047432	0.739257453	0.680895575	0.66220567	0.691290049	0.674041327	0.63265084	0.641879961	0.628534455
0.717678571	0.682164387	0.969855861	0.901740636	0.25	0.373652926	0.448791393	0.266722463	0.546118622	0.252500194	0.476716916	0.989969822	0.820957356	0.761370842	0.694879768	0.783956732	0.769822636	0.685145653	0.738823525	0.714288404
0.724339545	0.747378491	0.748094609	0.245118277	0.316666667	0.696480051	0.374314224	0.343429606	0.54321953	0.510303997	0.508478486	0.636940005	0.804686771	0.691822885	0.613369836	0.753335573	0.716009831	0.60197518	0.689211261	0.639077388
0.72743838	0.052179633	0.943102061	0.358036149	0.433333333	0.734602291	0.647945311	1	0.620840417	0.065487752	0.614280463	0.383527477	0.299840233	0.347088936	0.80348501	0.317417209	0.310088354	0.720055566	0.314291513	0.488740195
0.731739142	0.609240168	0.266622443	0.41572025	0.9	0.47702532	0.127055706	0.537802439	0.447816504	0.643668851	0.376888851	0.579445016	0.825404965	0.821244769	0.757776958	0.812631739	0.837477034	0.761800498	0.823491137	0.822529565
0.737544129	0.532263408	0.116434365	0.129728332	0.116666667	0.492443734	0.352525315	0.167552905	0.624073797	0.515979522	0.51988491	0.702257169	0.686903444	0.664390155	0.681807257	0.646505251	0.650946321	0.645281709	0.61816062	0.628242671
0.741574176	0.742255304	0.315851732	0.176573594	0.35	0.235531575	0.288137429	0.740189255	0.552620548	0.330627324	0.535346025	0.231150202	0.723836261	0.550170591	0.499872962	0.644773599	0.566014066	0.473251444	0.540201247	0.47000339
0.747830249	0.365053616	0.429371588	0.165488827	0.216666667	0.636176501	0.503904293	0.456921136	0.529332015	0.647339951	0.352796066	0.656691723	0.563386344	0.644140817	0.766350452	0.551806361	0.609014389	0.721897535	0.582200291	0.669149532
0.753748766	0.602859747	0.59322914	0.424681966	0.416666667	0.503255741	0.717798201	0.429107732	0.39022018	0.388039258	0.441280644	0.204982981	0.608239096	0.501075535	0.518325791	0.532755943	0.47695073	0.464576948	0.446987392	0.418508879
0.756831677	0.539168486	0.173601777	0.19300987	0.233333333	0.846273644	0.685622251	0.441715663	0.610359239	0.413919648	0.650470351	0.017978106	0.438801572	0.305609635	0.446965253	0.33577458	0.244293956	0.339443594	0.191967456	0.182583056
0.76507136	0.947612428	0.688732127	0.106579587	0.766666667	0.396507763	0.381619146	0.42436045	0.833746219	0.541707788	0.476469743	0.957308079	0.93890293	0.756320585	0.642756155	0.942424298	0.867227841	0.693886479	0.905995362	0.824090317
0.769393216	0.042060017	0.653741702	0.315470645	0.983333333	0.189117875	0.365332524	0.759988357	0.440891604	0.326089443	0.468467212	0.343814641	0.42581856	0.508537686	0.860754757	0.475725196	0.509400141	0.824416947	0.535028175	0.691674866
0.772350862	0.883857855	0.112940108	0.699350115	0.4	0.409702491	0.60045308	0.683528137	0.541117145	0.323414035	0.658196487	0.458053921	0.814093228	0.529776674	0.45914822	0.762391528	0.619122263	0.471579197	0.631269881	0.519890095
0.779848029	0.837021968	0.059672043	0.338506162	0.45	0.681151717	0.187322393	0.506078148	0.415125676	0.316451598	0.522784884	0.765244137	0.853788589	0.668687912	0.592624705	0.819336638	0.734935087	0.598383379	0.730770205	0.655685161
0.783099919	0.867652091	0.053965954	0.465167735	0.15	0.100067307	0.396241799	0.711232052	0.498455544	0.712683823	0.375176959	0.485619272	0.790420732	0.539244783	0.42574871	0.737712214	0.637092563	0.448921888	0.649839898	0.538995012
0.789216511	0.508640852	0.580208224	0.144438586	0.95	0.754891136	0.405755125	0.533399554	0.506587551	0.38354823	0.514746328	0.098842338	0.65763114	0.610456743	0.649481635	0.597895024	0.578264696	0.593616627	0.539637344	0.543858177
0.792291187	0.01998559	0.345791996	0.482071013	0.016666667	0.418597331	0.397740397	0.388891797	0.394982858	0.650744629	0.696373448	0.824502527	0.345001262	0.41289433	0.825232049	0.388035151	0.406589935	0.775481523	0.43446027	0.608510676
0.799541638	0.134964467	0.065394737	0.926590491	0.683333333	0.426179578	0.21619475	0.719399392	0.356759633	0.564087925	0.448766346	0.874751223	0.617407268	0.705372109	0.889047589	0.652584469	0.71169149	0.876143331	0.720062712	0.835816429
0.804585731	0.826807686	0.48879362	0.346612128	0.966666667	0.178320967	0.28998012	0.419099719	0.663369663	0.335908173	0.440005562	0.961211607	0.932475775	0.822510897	0.719109234	0.935740001	0.898548595	0.758628029	0.921064718	0.870461648
0.80947909	0.429478339	0.089389238	0.962973439	0.3	0.511200836	0.579968259	0.452233416	0.583196765	0.62026654	0.434488866	0.519833988	0.588746417	0.621505481	0.719080293	0.565972694	0.592396037	0.6720616	0.568945579	0.625833001
0.811999555	0.583154969	0.010779801	0.625675374	0.65	0.31968719	0.3675401	0.486633263	0.764794838	0.442972761	0.628362276	0.073461089	0.654638877	0.552113276	0.579667543	0.59154572	0.538383137	0.531725566	0.512042577	0.489412605
0.816832536	0.992470517	0.217451963	0.828672926	0.1	0.611348611	0.346353827	0.681389149	0.456450797	0.59289658	0.239463773	0.063363984	0.66885479	0.075345254	0	0.546494739	0.259749066	0	0.301670315	0.041081395
0.823680181	0.444892273	0	0.082573615	0.5	1	0.304132238	0.342311632	0.520420406	0.604761313	0.67738574	0.307014113	0.612225209	0.571184057	0.675423025	0.563638523	0.541169383	0.612889194	0.510876509	0.537567891
0.829585742	0.635860356	0.786074223	0.658763195	0.016666667	0.619579001	0.271929394	0.140852199	0.822733239	0.504958837	0.645410342	0.72770106	0.725500363	0.60212291	0.599529053	0.661864462	0.605413472	0.560963389	0.581600153	0.542737631
0.831053943	0.377062457	0.397421189	0.374011255	0.716666667	0.534950333	0.478046602	0.575887861	0.427161166	0.398210396	0.517112049	0.841939604	0.733870121	0.753100591	0.812430995	0.735511523	0.756189009	0.797376766	0.746265415	0.790038683
0.837034128	0.677682473	0.334732762	0.307050011	0.133333333	0.588043213	0.391358582	0.467527096	0.511832845	0.774238265	0.466255786	0.623909777	0.722662363	0.613343411	0.580312352	0.670521653	0.635772436	0.559043867	0.621134288	0.582675382
0.844798665	0.758588987	0.456185374	0.185529009	0.833333333	0.524362939	0.444075679	0.662495731	0.497033774	0.483078336	0.49785466	0.902166315	0.890297118	0.78192626	0.704474218	0.886447979	0.84722597	0.728751427	0.863192249	0.817298474
0.851128425	0.236728707	0.263657471	0.403805728	1	0.46877426	0.548654562	0.731388346	0.810578695	0.461278507	0.354843279	0.009055831	0.375941114	0.438926694	0.745597787	0.378059552	0.394804375	0.671334641	0.395884705	0.530506631
0.852141488	0.487687232	0.234652139	0.874742327	0.4	0.456664036	0.743119763	0.363484302	0.630211324	0.39486573	0.812601653	0.852634951	0.724331299	0.693280526	0.759711829	0.712884663	0.69715155	0.734728904	0.688252542	0.707983554
0.857346696	0.491169903	0.194924364	0.867952475	0.65	0.603241133	0.161958811	0.500566784	0.668899749	0.433575958	0.407881266	0.298926123	0.640022468	0.630516487	0.69811017	0.596752853	0.600053539	0.644630649	0.568417485	0.597954894
0.862886296	0.209301335	0.038369145	0.840145559	0.483333333	0.057361386	0.259803707	0.704575368	0.557949317	0.521290389	0.503556136	0.972671052	0.644191414	0.705700742	0.862823456	0.676940089	0.718477156	0.851525967	0.730255554	0.822809841
0.866925984	0.476753876	0.155202688	0.534884355	0.466666667	0.331364068	1	0.326674023	0.652185729	0.244441397	0.488079151	0.607523097	0.637610861	0.601806994	0.688569178	0.617277836	0.596965035	0.649377214	0.590336402	0.612130698
0.872943949	0.69703478	0.907748884	0.19097183	0.883333333	0.275085169	0.809697494	0.350272134	0.326669966	0.267143406	0.360387527	0.326238026	0.759068636	0.603130376	0.550252515	0.709758024	0.643441539	0.544264578	0.638496399	0.579639454
0.879123433	0.832967417	0.282555317	0.32401745	0.233333333	0.608702928	0.324069189	0.657785381	0.69022845	0.479203216	0.506413201	0.212700343	0.687624272	0.338648277	0.321760768	0.597307758	0.412914097	0.290497211	0.428953545	0.287819547
0.88362048	0.497467785	0.078926531	0.960466669	0.783333333	0.358314479	0.524855409	0.771572757	0.261961179	0.405664836	0.380567032	0.189463945	0.575056161	0.530941413	0.633726061	0.536869714	0.509673182	0.578679569	0.498230226	0.522247582
0.890809705	0.688479769	0.107919268	0.095622661	0.633333333	0.259270287	0.28112998	0.571367116	0.88663322	0.5558976	0.552111348	0.427299458	0.785463572	0.64419542	0.61718268	0.758801595	0.696423871	0.613958496	0.701368595	0.654805525
0.89194473	0.761033493	0.88072319	0.544335072	0.466666667	0.782146765	0.630161661	0.645351607	0.598885198	0.143218953	0.776837229	0.894503621	0.830348134	0.661741657	0.642212122	0.795976615	0.70392845	0.630027292	0.699513745	0.644895968
0.896913842	0.898680187	0.032729138	0.748233587	0.083333333	0.243898935	0.49552464	0.570083765	0.474700745	0.492212699	0.345707438	0.387638631	0.709738388	0.29888238	0.24421301	0.633055546	0.430321827	0.252097351	0.472945797	0.304450971
0.903375167	0.092582502	0.805269428	0.568329675	0.183333333	0.617039276	0.540261722	0.605460776	0.703005637	0.408014776	0.215906126	0.157300219	0	0.032098241	0.666228187	0	0	0.546721485	0	0.244299767
0.909932693	0.971091489	0.704463231	0.866220429	0.633333333	0.710570999	0.474622141	0.564459091	0.172097172	0.50099154	0.320179115	0.377507173	0.820805668	0.458757026	0.357855399	0.763013204	0.590183111	0.378265544	0.621949123	0.467530897
0.915921991	0.442973628	0.551950465	0.845547955	0.35	0.269887642	0.531010716	0	0.221625955	0.533773695	0.317510307	0.909432759	0.678156418	0.681562809	0.726675899	0.662250445	0.680234885	0.701991521	0.670197684	0.699657235
0.916714395	0.243577885	0.722468201	0.26292293	0.366666667	0.528644409	0.480825459	0.686229427	0.375050039	0.469937257	0.425077544	0.594677962	0.462031287	0.506522691	0.773482609	0.46913966	0.481412165	0.71632658	0.486434656	0.600248387
0.922976025	0.261423274	0.392350538	0.912255486	0.05	0.557613444	0.469997078	0.660013058	0.505422479	0.565978854	0.512815253	0.138576242	0.204611746	0.175113065	0.574334252	0.152930282	0.115907889	0.453412786	0.086838768	0.218157933
0.931326234	0.09047122	0.670798881	0.940009465	0.533333333	0.649418651	0.65516081	0.72524885	0.403628637	0.449822295	0.607232032	0.601416907	0.439157743	0.485143168	0.820102015	0.46735068	0.473770033	0.770546529	0.494014086	0.629289567
0.935382917	0.815715825	0.821363218	0.333294343	0.416666667	0.543384122	0.152277692	0.677815165	0.856211285	0.607450881	0.372488801	0.509417773	0.822743654	0.603463529	0.516773985	0.776733255	0.682159785	0.522364343	0.689386013	0.594979932
0.936864436	0.853358451	0.681296503	0.620029253	0.333333333	0.738770378	0.282505198	0.602564653	0.561789519	0.59769128	0.638117458	0.792881021	0.84418286	0.647184697	0.585112791	0.80965542	0.716331156	0.587903482	0.722050268	0.644989051
0.941752499	0.385894465	0.141538401	0.803806699	0.283333333	0.626423676	0.663561977	0.3155893	0.340954924	0.653274309	0.290976986	0.620016962	0.531863263	0.532813171	0.671437706	0.511466989	0.514971916	0.619508236	0.510867919	0.566942058
0.95129413	0.716736859	0.530095809	0.459785194	0.7	0.526555924	0.417333105	0.198522658	0.627998778	0.851409473	0.554810395	0.811817796	0.847577322	0.749402071	0.698819602	0.839637218	0.805325811	0.711006273	0.820420513	0.783781719
0.953523032	0.954954387	0.243575789	0.224826228	0.733333333	0.595708539	0.462399655	0.357029694	0.349089851	0.459532431	0.110937079	0.040027993	0.704562711	0.186215814	0.122622648	0.619235907	0.365773606	0.134671625	0.429258432	0.207991706
0.956765697	0.340792445	0.966217975	0.581136568	0.45	0.670582818	0.26595628	0.712945377	0.464181179	0.789750254	0.429553667	0.670995153	0.621972997	0.65899545	0.783348148	0.613098061	0.643840927	0.747663838	0.634678084	0.704350897
0.964242635	0.148719822	0.626605502	0.119339635	0.083333333	0.351095056	0.815239621	0.600461663	0.534668338	0.512879757	0.501049743	0.281039552	0.123362282	0.095258543	0.629832915	0.129584343	0.087679251	0.528854414	0.106358877	0.279199861
0.971507072	0.311954987	0.121876876	0.233617322	0.883333333	0.208523328	0.618690531	0.450136308	0.45267517	0.52561342	0.312260507	0.920078964	0.700222585	0.735806488	0.826674688	0.727045974	0.759534398	0.824867519	0.77595238	0.837415804
0.976448558	0.362962991	0.359080513	0.033593973	0.133333333	0.464014011	0.436296017	0.650096293	0.472212286	0.659006898	0.32565054	0.236811553	0.313929613	0.296762967	0.58124999	0.276812064	0.256145488	0.490844667	0.24496399	0.341584354
0.977629564	0.930644871	0.629774232	0.500242056	0.083333333	0.365887128	0.796119819	0.651429025	0.680613258	0.358512742	0.602752025	0.103195218	0.559912836	0	0.073906537	0.461612396	0.15143519	0.043809056	0.202241746	0
0.986409653	0.191996787	0.51531635	0.066528755	0.15	0.439059026	0.102686191	0.489163557	0.397268884	0.274144153	0.415703545	0.241157692	0.204229269	0.163786494	0.6188903	0.169198721	0.120965578	0.503273753	0.106802833	0.250032747
0.989370679	0.343366889	0.1486993	0.160549472	0.866666667	0.573620906	0.576290712	0.472353564	0.613955367	0.487026604	0.249250894	0.059297381	0.401018768	0.405547405	0.643034879	0.379899092	0.367766722	0.56798816	0.367317536	0.454223224
0.992827144	0.641357571	0.432757406	0.217334001	0.583333333	0.583160511	0.491904671	0.470608424	0.458654692	0.339174392	0.402375796	0.096826961	0.574800646	0.355822823	0.421441249	0.494337301	0.364008562	0.359555315	0.365274373	0.298880502
1	0.06295135	0.082547603	0.297848621	0.383333333	0.486729876	0.35273466	0.245132432	0.709655596	0.448235613	0.40200677	0.636693647	0.372812944	0.418433906	0.793942349	0.408310504	0.415885616	0.744925853	0.447522487	0.598566386
0.045624249	0.518809823	0.391198915	0.484704146	0.95	0.276485954	0.075144304	0.513660438	0.357655949	0.400487846	0.432799339	0.53635285	0.852270064	1	0.855145155	0.865708499	0.977033213	0.885452384	0.936873978	0.975291051
0.079765447	0.880116091	0.901694505	0.421224113	0.55	0.885877971	0.392128858	0.718940793	0.581079774	0.69935541	0.258872494	0.623889513	0.983990601	0.878813402	0.608549882	0.948735846	0.965596906	0.68137247	0.947992949	0.856440573
0.136672363	0.668925536	0.431373552	0.767608279	0.666666667	0.416572865	0.647532017	0.683257246	0.537157134	0.777933908	0.309368688	0.39567114	0.861516894	0.942192701	0.719946751	0.839974956	0.936370451	0.759605969	0.887900666	0.880371123
0.151601603	0.607190105	0.125092957	0.156326025	0.633333333	0.20250752	0.514332319	0.60685831	0.458792217	0.494237464	0.786633034	0.872887768	0.889980072	0.954404215	0.837923064	0.909106733	0.966018698	0.875082561	0.953009285	0.96649183
0.221987559	0.825519345	0.268547024	0.330217338	0.3	0.47381555	0.295446471	0.536481736	0.397884634	0.384849705	0.555186243	0.277090029	0.893364827	0.76058976	0.530072232	0.815689976	0.796263685	0.559576825	0.726981241	0.635648176
0.251434863	0.486512924	0.052592698	0.050475572	0.116666667	0.555065411	0.244437293	0.419343085	0.549300732	0.605787853	0.574615604	0.018678253	0.548211703	0.68286436	0.656441611	0.463287976	0.56060755	0.582281718	0.436064099	0.502494435
0.320189773	0.358637897	0.813942623	0.409595465	0.233333333	0.617109751	0.274006951	0.552342474	0.616329822	0.817258573	0.447968776	0.334969625	0.576030864	0.76297789	0.817119709	0.556145757	0.687545227	0.773675068	0.615647274	0.730065129
0.376047603	0.075147344	0.338280306	0.87319697	0.4	0.525691758	0.365879232	0.739669129	0.907694862	0.536494149	0.501562011	0.444109018	0.449029638	0.621057281	0.908530866	0.488552668	0.593184477	0.868568288	0.577305524	0.754366751
0.441938945	0.580862936	0.977466692	0.276758569	0.816666667	0.761361339	0.57388999	0.202967439	0.696016415	0.465485911	0.353972899	0.203258414	0.764772487	0.796490776	0.68411442	0.707618145	0.762103076	0.663967777	0.692510983	0.690165363
0.46882219	0.213035889	0.572135543	0.135736434	0.733333333	0.371088812	0.553744668	0.287505769	0.749496676	0.520826806	0.224836678	0.91122283	0.651381389	0.806839057	0.917339917	0.697974011	0.808112745	0.916389481	0.807678324	0.92784759
0.541046522	0.361374661	0.022532087	0.577630333	0.366666667	0.679470005	0.33540512	0.83835715	0.508469359	0.295008144	0.687181118	0.991706914	0.731180313	0.800275418	0.860909214	0.736163257	0.785363117	0.8438993	0.75633994	0.82207664
0.562616092	0.992652167	0.685048836	0.004103993	0.05	0.665908465	0.376577684	0.492766869	0.599608037	0.561106743	0.542619027	0.731732087	0.878677668	0.591244816	0.444709347	0.828082188	0.703092546	0.478867756	0.707152678	0.575634743
0.602422286	0.188295205	0.928031831	0.983368514	0.866666667	0.562128606	0.520284839	0.364449416	0.635292936	0.677917669	0.395234248	0.468848134	0.604121954	0.750640298	0.891999713	0.623606284	0.722821816	0.866157666	0.701513733	0.827125907
0.696063025	0.402111467	0.786106378	0.359538264	0.466666667	0.185968583	0.456900654	0.811040718	0.417193583	0.044678737	0.484348673	0.823735032	0.707284017	0.73011815	0.79355097	0.694176099	0.711844509	0.762883278	0.685387546	0.724386615
0.736001591	0.768813737	0.466335301	0.920928435	1	0.315436928	0.173252149	0.331850477	0.296382522	0.227617015	0.667637794	0.570223414	0.894566854	0.786233137	0.700179289	0.869073035	0.825125545	0.709274524	0.813496929	0.763260767
0.784996838	0.02434345	0.177564526	0.650645357	0.566666667	0.422339718	0.410019958	0.436719845	0.2228894	0.650838593	0.517700315	0.663565713	0.415210541	0.523525436	0.867219732	0.485759585	0.532094381	0.8390555	0.560858138	0.723126625
0.839102492	0.269640908	0.737495803	0.81845465	0.15	0.607491299	0.437531885	0.585834948	0.313856445	0.450455919	0.622730067	0.18354764	0.296360045	0.280944719	0.629295013	0.244869157	0.209303594	0.512176752	0.175508109	0.29122945
0.852700253	0.306972174	0.215778851	0.627447674	0.35	0.445057432	0.482969225	0.462171939	0.483249897	0.427949655	0.471098626	0.753430517	0.566612783	0.610150262	0.79104627	0.570292569	0.593280284	0.749054465	0.588201581	0.673523185
0.93257049	0.707970582	0.535790714	0.723171804	0.783333333	0.497927071	0.608895914	0.61941518	0.444827916	0.57833406	0.371797752	0.336090266	0.767830021	0.620044544	0.562179921	0.72088653	0.6641469	0.555385904	0.660828148	0.603124008
0.977057991	0.392713287	0.204298176	0.955707638	0.65	0.296845132	0.45282061	0.258015388	0.579407398	0.359505052	0.2133464	0.738443451	0.654218801	0.672630594	0.759013936	0.649376237	0.6720435	0.733022573	0.668172903	0.715128838
