  0.70521285   0.00000000   1.00000000   0.48167325   0.04945115   0.28333333   0.40010317   0.52583366   0.75305967   0.49372381   0.77067720   0.33678638   0.25426805
  0.94554505   0.00290582   0.50318706   0.49285188   0.78394389   0.70000000   0.27990539   0.45668375   0.51672953   0.27576536   0.68081816   0.36299940   0.47728630
  0.83752832   0.00968435   0.02459849   0.35365467   0.98244399   0.83333333   0.36618974   0.59568913   0.79952086   0.44286632   0.31806278   0.48522052   0.22818733
  0.81705990   0.01241453   0.75341281   0.70157493   0.81797253   0.18333333   0.51238743   0.22131132   0.43507735   0.91339963   0.36498941   0.45596310   0.58403054
  0.91389793   0.01838843   0.33061826   0.31220835   0.70521226   0.18333333   0.45243989   0.31450285   0.33069081   0.40574545   0.57530297   0.71145593   0.81920384
  0.77171626   0.02467877   0.92899198   0.01434299   0.58620404   0.21666667   0.67444001   0.49320549   0.39441776   0.64843517   0.60116407   1.00000000   0.46659221
  0.75518107   0.02787928   0.84506678   0.56222114   0.05596831   0.60000000   0.28814186   0.46341086   0.65630888   0.29043331   0.52272900   0.46212680   0.15146234
  0.67507535   0.03338322   0.46427171   0.79153898   0.74523978   0.06666667   0.63868756   0.56713767   0.43762061   0.42410334   0.30280637   0.40663436   0.28913866
  0.93952578   0.03819021   0.39876533   0.28792451   0.23956085   0.66666667   0.75927994   0.13883121   0.55127126   0.46000793   0.54391044   0.32718305   0.56914117
  0.77056594   0.04480486   0.51840522   0.99680953   0.28768331   0.11666667   0.76688848   0.24243272   0.61144647   0.23648548   0.53943207   0.52978111   0.43459540
  0.98357036   0.04987172   0.03939266   0.36660267   0.71098314   0.98333333   0.56687589   0.17847120   0.55374719   0.37644562   0.55010060   0.49215291   0.66454263
  0.93352610   0.05521615   0.78867418   0.72505637   0.02277288   0.55000000   0.36422835   0.14500152   0.81957426   0.53940511   0.58802837   0.34076133   0.68499294
  0.94491453   0.05712656   0.77173349   0.68753250   0.02984675   0.51666667   0.63349677   0.47532484   0.53171807   0.31184959   0.50348583   0.28354432   0.98667913
  0.83283516   0.06309245   0.86195712   0.52236325   0.94754087   0.51666667   0.57738427   0.61425235   0.82733984   0.64494860   0.23068953   0.43248710   0.57197123
  0.86519607   0.06956773   0.70476332   0.31031470   0.89983992   0.45000000   0.16428438   0.11108819   0.76627801   0.51423333   0.51886278   0.20105729   0.47348541
  0.75781584   0.07229098   0.82111838   0.59830792   0.28999720   0.20000000   0.43304582   0.22568127   0.63770252   0.57492746   0.40027418   0.57521768   0.49675621
  0.65283064   0.07961187   0.92441110   0.67515404   0.20514299   0.03333333   0.54898912   0.44361243   0.85085331   0.43636370   0.74949669   0.57220955   0.32108104
  1.00000000   0.08263562   0.39670328   0.90948829   0.36572573   0.76666667   0.44233499   0.44597747   0.93262207   0.78992104   0.15050668   0.50032095   0.92415206
  0.78673689   0.08853605   0.24869300   0.42538971   0.75446927   0.25000000   0.64748034   0.60423663   0.29670448   0.72935845   0.45562071   0.54605000   0.40557302
  0.96350809   0.09522242   0.09862172   0.71155636   0.38686572   0.81666667   0.28365122   0.70057786   0.63353042   0.33902149   0.55201490   0.59764505   0.67788949
  0.91751440   0.09808610   0.65856703   0.25617167   0.89531445   0.60000000   0.35371315   0.38787384   0.41177630   0.32982791   0.11188292   0.18262915   0.83298315
  0.88162907   0.10441418   0.32091683   0.22830436   0.39063691   0.53333333   0.25181262   0.34292901   0.27761357   0.30615266   0.41848034   0.42755659   0.49438631
  0.85797691   0.11186611   0.84884225   0.95095544   0.75670828   0.56666667   0.22755705   0.40270107   0.92728480   0.74357143   0.54627479   0.26032238   0.41785797
  0.81588826   0.11669761   0.00274201   0.93335126   0.50034745   0.96666667   0.42214735   0.52788385   0.57842538   0.56317786   0.38924495   0.70113560   0.12592950
  0.86494785   0.12015676   0.28114619   0.13139990   0.07407587   0.10000000   0.42086347   0.38720967   0.58042270   0.41210776   0.54819045   0.45111171   0.77549291
  0.91634302   0.12476867   0.42793564   0.62026552   0.23238100   0.86666667   0.66052955   0.43040378   0.88346932   0.46802018   0.49849000   0.36668679   0.45481301
  0.72281883   0.12823091   0.88056657   0.62772424   0.39624988   0.75000000   0.58997932   0.31954372   0.66527467   0.58748780   0.87029346   0.56572330   0.05064382
  0.86299336   0.13496260   0.45406495   0.92849753   0.79846133   0.06666667   0.56437900   0.27840965   0.64723727   0.55473988   0.28198381   0.56869784   1.00000000
  0.69859886   0.14039122   0.29750426   0.77883255   0.97306509   0.28333333   0.61393522   0.35786850   0.51442961   0.28428437   0.58993462   0.64055949   0.18573411
  0.54691237   0.14427261   0.93385885   0.16888252   0.00873160   0.55000000   0.66619609   0.48356579   0.77914109   0.49175942   0.29598144   0.60852083   0.00000000
  0.81228056   0.14968236   0.14260761   0.04304450   0.88639736   0.41666667   0.30755633   0.46868266   0.56844391   0.61453415   0.69509349   0.59888783   0.31079647
  0.70342075   0.15349595   0.47945751   0.09238216   0.70770342   0.26666667   0.81487507   0.30668942   0.49448504   0.60501630   0.33327964   0.43145426   0.31602873
  0.70611262   0.16182824   0.73158479   0.98064569   0.08711946   0.61666667   0.94643871   0.56263706   0.40102048   0.34277702   0.58564796   0.44583137   0.15883817
  0.78097072   0.16605477   0.29090329   0.98936764   0.48849487   0.91666667   0.58088495   0.23369786   0.59873143   0.31726709   0.35160990   0.28904224   0.08922908
  0.56550268   0.16861600   0.90427165   0.41180495   0.12704278   0.25000000   0.42685817   0.43331736   0.79658106   0.36943054   0.67391529   0.49399470   0.06925647
  0.78848390   0.17578079   0.35185187   0.40606242   0.76849000   0.90000000   0.40275926   0.17190995   0.35389853   0.50186292   0.46629621   0.45290011   0.04617980
  0.73061495   0.18127877   0.16759954   0.27688919   0.20884541   0.05000000   0.49681260   0.42153770   0.62508083   0.50964798   0.72144241   0.66508744   0.40393572
  0.85999160   0.18290285   0.47279396   0.20833840   1.00000000   0.70000000   0.26455701   0.73096179   0.51936481   0.47613654   0.41259616   0.43662548   0.36501052
  0.75582898   0.19040364   0.52414072   0.73969762   0.61488740   0.85000000   0.70023676   0.29648431   0.36182982   0.42035772   0.29234737   0.33199213   0.17593962
  0.71685353   0.19411372   0.80447654   0.58549573   0.73304495   0.81666667   0.38666545   0.41098344   0.73512526   0.00000000   0.47324496   0.30760578   0.13519923
  0.92416417   0.20039104   0.65290789   0.45911652   0.67470821   0.50000000   0.62372144   0.56996888   0.53968724   0.35132372   0.57005055   0.64310306   0.94225568
  0.72879718   0.20775351   0.06927381   0.49895331   0.25400386   0.75000000   0.54769222   0.39975436   0.55879611   0.56980596   0.30885849   0.50722304   0.16362294
  0.65817217   0.21200000   0.59028248   0.50972841   0.77149642   0.48333333   0.72506903   0.34568866   0.63829838   0.45523388   0.00000000   0.67457978   0.27844254
  0.68008917   0.21722917   0.51256052   0.29905720   0.54598009   0.20000000   0.49818491   0.63086661   0.50362888   0.44929909   0.53625653   0.51904408   0.28434738
  0.88944725   0.22244491   0.95899558   0.25015316   0.42949032   0.73333333   0.38616080   0.45521786   0.33639486   0.43151705   0.63343374   0.58570310   0.75088845
  0.88097094   0.22446961   0.56652919   0.84839437   0.69249425   0.30000000   0.31239885   0.75131632   0.40612313   0.65441185   0.60316938   0.58930820   0.76161162
  0.80012285   0.23241250   0.02907209   0.79733899   0.06017093   0.38333333   0.50573491   0.69505312   0.69874121   0.33245981   0.57390657   0.27024113   0.56110673
  0.97487346   0.23429801   0.66838081   0.95454191   0.41256524   0.78333333   0.63122384   0.27393910   0.54615491   0.35600098   0.48891389   0.52893563   0.98389596
  0.79275018   0.23900657   0.46206273   0.89421785   0.02114010   0.20000000   0.53896976   0.53677751   0.68965388   0.38352425   0.65706238   0.53682362   0.52906242
  0.68368155   0.24400427   0.69355003   0.92134015   0.55533068   0.43333333   0.53460412   0.64034717   0.58816024   0.64345615   0.17054467   0.53336999   0.29778393
  0.90246406   0.25241940   0.79235118   0.79868316   0.21790682   0.76666667   0.88444895   0.48796356   0.89206809   0.69221105   0.23530017   0.48346064   0.87028261
  0.45362457   0.25535173   0.61400961   0.04824661   0.13974058   0.10000000   0.59207369   0.41353969   0.28215205   0.47000075   0.28957982   0.47982606   0.11388119
  0.83721492   0.26008578   0.22317767   0.33915341   0.94387983   0.98333333   0.64169787   0.34938861   0.59548231   0.46545258   0.26002974   0.27441256   0.35098303
  0.70913799   0.26734962   0.98331292   0.66221566   0.68544413   0.71666667   0.36006606   0.23113463   0.30515951   0.77934939   0.52854540   0.46416137   0.21526419
  0.93342459   0.26923160   0.35327888   0.30347731   0.45833957   0.85000000   0.77211545   0.25868632   0.80813642   0.51535394   0.61990557   0.47076666   0.62708292
  0.71734580   0.27773127   0.27455532   0.73776581   0.63654905   0.03333333   0.41386312   0.50900624   0.60872285   0.79632551   0.22343284   0.67998823   0.64552173
  0.93936883   0.28055408   0.01034815   0.46484929   0.15445761   0.53333333   0.37084080   0.36079033   0.41661470   0.69882340   0.61571627   0.41826524   0.97734922
  0.88826984   0.28409176   0.17277360   0.47808301   0.64417956   0.43333333   0.44351499   0.33918945   0.65283689   0.59464343   0.91826338   0.38967519   0.60401698
  0.78032172   0.28964644   0.73886633   0.07422758   0.24806374   0.90000000   0.59792465   0.41934319   0.54973033   0.65870634   0.58171897   0.39193375   0.19889336
  0.87968594   0.29593811   0.82545749   0.18341135   0.49553741   0.80000000   0.49030921   0.33472047   0.32089958   0.59563409   0.38272014   0.54306508   0.69634502
  0.61775733   0.30222835   0.18929639   0.60404542   0.27078604   0.16666667   0.14298903   0.43862953   0.63109635   0.75231178   0.63559194   0.29539758   0.08518816
  0.92962133   0.30531914   0.62892495   0.10115940   0.00637601   0.81666667   0.56096490   0.67378246   0.56168228   0.63997135   0.61165622   0.78946884   0.71976669
  0.80219969   0.30862106   0.11296317   0.64272940   0.72499926   0.05000000   0.45928815   0.41033368   0.30162747   0.55021760   0.61300208   0.41139368   0.85519293
  0.92791205   0.31838269   0.98104505   0.41107886   0.81192867   0.95000000   0.38344277   0.58893103   0.21311964   0.52744371   0.92495090   0.58078054   0.81395485
  0.84375028   0.32107723   0.79954352   0.53627193   0.73896531   0.93333333   0.56921935   0.05005060   0.40390646   0.42609195   0.80683496   0.74302034   0.33786897
  0.51243543   0.32771420   0.16068422   0.71608375   0.60963405   0.33333333   0.23047835   0.21375560   0.67450006   0.53176362   0.25350961   0.44762660   0.02411602
  0.78553297   0.33298178   0.55444011   0.22433775   0.26358691   0.48333333   0.30105054   0.51979174   0.38224958   0.52282387   0.63735560   0.63407693   0.39512044
  0.68738346   0.33697068   0.15554961   0.44155499   0.60181827   0.68333333   0.52301411   0.54306082   0.72833896   0.58146308   0.78417886   0.59269370   0.02717107
  0.62387821   0.34115317   0.61682553   0.45018153   0.17208880   0.38333333   0.71754477   0.29220535   0.44823570   0.32052477   0.35427128   0.54749401   0.26280010
  0.57542030   0.34579728   0.54048954   0.63806876   0.52689502   0.26666667   0.39792043   0.58948749   0.71549363   0.15505969   0.44009596   0.46027022   0.17184422
  0.93282832   0.35051212   0.32644364   0.02534388   0.63314463   0.40000000   0.32391106   0.31706283   0.47655965   0.95514078   0.66307299   0.62197835   0.92929979
  0.65014257   0.35378725   0.01336897   0.19954116   0.47023221   0.51666667   0.25706010   0.40140046   0.84210363   0.44411740   0.59550378   0.57911093   0.10834350
  0.91936047   0.35973762   0.43714284   0.81694852   0.43422487   0.78333333   0.34260465   0.53277572   0.79146744   0.73992940   0.74143421   0.00000000   0.53135404
  0.75269453   0.36410689   0.89408906   0.42114953   0.82510350   0.51666667   0.37855581   0.42660009   0.18371649   0.59185828   0.79990855   0.40985986   0.43585647
  0.60609986   0.37270839   0.00000000   0.27422941   0.36247293   0.00000000   0.50714669   0.24575061   0.57555079   0.54849982   0.43535488   0.85199062   0.46127913
  0.85493866   0.37574845   0.97664116   0.37785320   0.07139773   0.56666667   0.19490084   0.65110496   0.61936398   0.71780966   0.55682602   0.56918296   0.86263536
  0.42561629   0.37900491   0.57069141   0.46939689   0.31324057   0.28333333   0.66335135   0.78200501   0.40917026   0.57820277   0.44234354   0.35737737   0.01574887
  0.61875611   0.38537067   0.07609525   0.21354024   0.83219456   0.26666667   0.48253553   0.49714160   0.54781402   0.51787608   0.56808224   0.39646386   0.27212086
  0.87732652   0.39318396   0.30030865   0.75299758   0.93104136   0.65000000   0.33577864   0.08371722   0.75742124   0.19669175   0.82406892   0.61124597   0.51435889
  0.57114096   0.39851192   0.63114637   1.00000000   0.04146969   0.13333333   0.58560380   0.57884257   0.45988626   0.48384535   0.72981739   0.44354217   0.25173411
  0.95386736   0.40099616   0.56074847   0.63280360   0.20060623   0.75000000   0.47964697   0.54663873   0.86559560   0.24989172   0.64243155   0.56392301   0.99977253
  0.65652729   0.40823498   0.81055850   0.75694359   0.93452724   0.08333333   0.59966386   0.38383710   0.50666019   0.57368454   0.37231992   0.56273056   0.65892674
  0.87582592   0.41132309   0.90906226   0.36582419   0.57680546   0.66666667   0.00000000   0.20520029   0.69325223   0.75214634   0.42233442   0.51177241   0.75718561
  0.65524797   0.41849798   0.33326724   0.66451468   0.44475556   0.83333333   0.37663158   0.30998336   0.09288026   0.67839337   0.44557236   0.36870484   0.00444928
  0.44877560   0.42021766   0.96409788   0.97747374   0.38166765   0.35000000   0.72937070   0.33632938   0.52861222   0.67320847   0.70485084   0.48057001   0.05593690
  0.71655498   0.42663074   0.41851322   0.88885187   0.98182436   0.33333333   0.51715936   0.36915927   0.60765216   0.41735016   0.51480780   0.66802190   0.41015144
  0.95977633   0.43023998   0.24010707   0.37260725   0.79250376   0.91666667   0.30363592   0.31213113   0.38421390   0.48806830   0.62631486   0.60231040   0.80312698
  0.58650609   0.43824864   0.72743934   0.61086302   0.65364074   0.05000000   0.51980723   0.38111435   0.52224293   0.29891417   0.41661152   0.52647241   0.55476132
  0.90498844   0.44170258   0.10947643   0.18544858   0.91874415   0.85000000   0.69188845   0.29812567   0.75063170   0.48648308   0.35800686   0.72249135   0.86775592
  0.69263090   0.44584399   0.27121074   0.05544210   0.14801613   0.03333333   0.43415837   0.04381956   0.49941132   0.60045407   0.72263321   0.74532933   0.54093627
  0.69002875   0.45040376   0.25523095   0.77526434   0.87899914   0.48333333   0.31515402   0.19407156   0.52216502   0.18085921   0.34729779   0.77114372   0.36272186
  0.86699506   0.45498548   0.26257144   0.83760453   0.40077737   0.63333333   0.46389184   0.20126937   0.70577702   0.31069648   0.58405718   0.22421964   0.67403094
  0.73239059   0.46217398   0.70644401   0.53809161   0.11563255   0.16666667   0.40559569   0.60755515   0.42646318   0.36903844   0.52920433   0.69205758   0.79790402
  0.77544066   0.46826365   0.77990552   0.29063944   0.64610735   0.21666667   0.54628082   0.46521005   0.54226641   0.29381865   0.70362171   0.63163160   0.87958267
  0.91040893   0.47347975   0.12539843   0.76727755   0.53292051   0.68333333   0.44984451   0.50350776   0.58470576   0.63712173   0.45792885   0.38194717   0.90473063
  0.84606902   0.47848440   0.86068860   0.82825366   0.11107260   0.55000000   0.82190687   0.62362127   0.61574186   0.58946811   0.74510829   0.30593273   0.91781943
  0.70991193   0.48044550   0.05873716   0.81289307   0.45087286   0.60000000   0.65503621   0.55735760   0.56619411   0.25513433   0.20726637   0.38520831   0.52450206
  0.78638333   0.48684437   0.21891086   0.83009760   0.66363017   0.16666667   0.50087715   0.46033065   0.58503085   0.77434516   0.37712470   0.48702480   0.89241916
  0.61377755   0.49267931   0.91679107   0.58947052   0.47542677   0.95000000   0.33729834   0.42883427   0.45501095   0.12624585   0.42781641   0.54948747   0.10605238
  0.70174172   0.49479698   0.18449428   0.90120392   0.57347278   0.46666667   0.09160358   0.32244504   0.50924025   0.11546061   0.37105646   0.62080763   0.39055234
  0.73153565   0.50209529   0.52807615   0.51691038   0.27588817   0.20000000   0.15700332   0.50099032   0.44540346   0.48108394   0.34468194   0.73688142   0.76818473
  0.54436133   0.50588950   0.30281210   0.86717972   0.76446941   0.15000000   0.39129879   0.40780964   0.85318715   0.56680162   0.53317416   0.33587238   0.22242240
  0.76018309   0.51133639   0.93965807   0.00668380   0.09759320   0.80000000   0.40896214   0.30131044   0.67277718   0.47899046   0.62917716   0.61796283   0.44409820
  0.80213449   0.51712597   0.42208282   0.16434531   0.33803444   0.23333333   0.57251634   0.18316070   0.48105446   0.48938238   0.68743092   0.71728008   0.83380017
  0.86478143   0.52161192   0.31597288   0.85655769   0.50730921   0.96666667   0.74744444   0.59817579   0.43148692   0.56759872   0.21431517   0.53949061   0.72743729
  0.81333069   0.52566000   0.20082032   0.69576174   0.51966830   0.31666667   0.32850380   0.53894574   0.52561856   0.43836369   0.57788172   0.39996859   0.84442425
  0.90918031   0.52966222   0.59623674   0.50441399   0.90658372   0.93333333   0.70795584   0.50746475   0.96846957   0.60790597   0.68265542   0.55981594   0.70401807
  0.64322775   0.53467570   0.71063671   0.32836739   0.66848643   0.00000000   0.48143311   0.41545710   0.49550150   0.71013772   0.73534599   0.58783719   0.61471935
  0.72205224   0.54094888   0.44940080   0.57543479   0.13626814   0.46666667   0.87556258   0.39213579   0.62120717   0.72560038   0.49717263   0.42317726   0.48224250
  0.63023822   0.54808598   0.94652170   0.39009842   0.68046618   0.35000000   0.68636544   0.57132242   0.46374219   0.80038502   0.50638729   0.45874725   0.54636463
  0.80863805   0.55127976   0.37322582   0.86312055   0.51511079   0.93333333   0.47295117   0.51600501   0.59079897   0.38695991   0.67755724   0.70644447   0.33333591
  0.50255001   0.55841843   0.92183026   0.75895009   0.04572277   0.01666667   0.36872951   0.24919230   0.46591851   0.65517054   0.75703239   0.41537591   0.37397084
  0.70484852   0.56367089   0.65006996   0.56788710   0.81050526   0.78333333   0.48531058   0.52232014   0.36931309   0.73309804   0.18031795   0.42026999   0.42227332
  0.82857070   0.56496791   0.55711425   0.09643567   0.00000000   0.36666667   0.51582168   0.70885242   0.55716556   0.55816481   0.70030483   0.34398041   0.93626092
  0.86191468   0.56976968   0.08006979   0.94733702   0.28094933   0.91666667   0.70135746   0.48888344   0.47404066   0.53193171   0.67020478   0.35077724   0.64978551
  0.61919875   0.57840800   0.72337293   0.54412418   0.49206801   0.83333333   0.79114696   0.37711974   0.62716817   0.69698291   0.56173306   0.55381930   0.11874693
  0.31761399   0.58311320   0.10316176   0.12810885   0.84646192   0.26666667   0.83012160   0.32663706   0.81399549   0.38061023   0.39324135   0.47437159   0.03332787
  0.84010727   0.58774135   0.57615759   0.93704413   0.77851567   0.95000000   0.42971346   0.58315044   0.54247425   0.67465295   1.00000000   0.52480175   0.35539373
  0.91925201   0.59444391   0.40868745   0.77313963   0.30031553   0.81666667   0.65089038   0.67812071   0.29171286   1.00000000   0.46499638   0.68484128   0.96530466
  0.41320896   0.59569173   0.18119026   0.84996726   0.85682486   0.06666667   0.49375603   0.33290161   0.23015960   0.27660826   0.76196538   0.75494193   0.14339591
  0.82252956   0.60476087   0.04948762   0.25075136   0.61682443   0.31666667   0.53177122   0.55514990   0.59256892   0.66652587   0.89337141   0.66260285   0.88840598
  0.79231829   0.60600540   0.21701822   0.13540880   0.85328973   0.55000000   0.47470216   0.36196500   0.61542960   0.40868137   0.47076285   0.59526863   0.69017490
  0.65740042   0.61011947   0.67066183   0.47593466   0.32133315   0.13333333   0.44608774   0.33005985   0.64129157   0.52540164   0.84174455   0.72593930   0.50395917
  0.84636482   0.61610339   0.28583426   0.89247922   0.35331875   0.61666667   0.32128866   0.48424124   0.62806353   0.84464631   0.81365079   0.60381432   0.56387623
  0.85784051   0.62353511   0.16477742   0.56064062   0.44166027   0.86666667   0.39391940   0.26673066   0.39235815   0.22882233   0.47703007   0.83728109   0.71269289
  0.67961105   0.62677583   0.08480276   0.64898528   0.56436062   0.38333333   0.43785511   0.43431486   0.48064073   0.62457917   0.71584138   0.48965475   0.44852906
  0.80850106   0.63359474   0.22962738   0.87003695   0.42236121   0.88333333   0.34950294   0.47120011   0.43962727   0.71922610   0.27599413   0.57769286   0.58775342
  0.81500166   0.63801318   0.76659216   0.32347453   0.98857733   0.66666667   0.45430497   0.00000000   0.51223906   0.21353592   0.66528926   0.62443508   0.74699824
  0.67905297   0.64062675   0.13098253   0.96315563   0.37219730   0.11666667   0.34570207   0.35524616   0.23165741   0.53758304   0.48100942   0.47097608   0.78589924
  0.81349884   0.64835630   0.37869703   0.23555895   0.59589018   0.71666667   0.79560803   0.56114324   0.78356404   0.36521157   0.36832941   0.39448845   0.80572438
  0.63281672   0.65380539   0.13766117   0.01923674   0.17921961   0.73333333   0.60783533   0.42437568   0.42022760   0.61890223   0.42496321   0.65287443   0.24722502
  0.89905574   0.65949558   0.66364480   0.15452389   0.55310944   0.70000000   0.20181004   0.45003129   0.37833127   0.68627748   0.69210045   0.55749996   0.94937559
  0.50446505   0.66029598   0.78214565   0.99403691   0.67554067   0.56666667   0.55418905   0.66758188   0.31465907   0.63470038   0.42852696   0.45545204   0.18179914
  0.82904521   0.66596751   0.03551903   0.38466323   0.72788916   0.58333333   0.13017415   0.51264709   0.49205829   0.39968704   0.37993356   0.38796129   0.94455506
  0.78766185   0.67287250   0.99540600   0.84058586   0.99294501   0.90000000   0.41608201   0.61047074   0.48463941   0.26981355   0.43193252   0.53206098   0.73439224
  0.60623321   0.67639723   0.88844855   0.72943655   0.96915047   0.60000000   0.46758901   0.55184806   0.66928283   0.41131679   0.62305995   0.24654621   0.34823866
  0.55645401   0.68451390   0.54548035   0.91548488   0.08136396   0.75000000   0.56143836   0.44082101   0.26483639   0.68195657   0.30491166   0.49619848   0.12831805
  0.91563088   0.68747075   0.58786085   0.61285702   0.59401178   1.00000000   0.29118416   0.25327523   0.74288561   0.60423026   0.55933168   0.26808188   0.77997191
  0.51961160   0.69183969   0.40811235   0.87677086   0.01289118   0.30000000   0.67943150   0.23855708   0.37360529   0.76046368   0.49379111   0.17036584   0.26427299
  0.52657628   0.69826116   0.11962595   0.34933839   0.72026332   0.58333333   0.53981692   0.63618648   0.53025608   0.49989255   0.45406178   0.65698558   0.19600364
  0.72106365   0.70211864   0.20462745   0.44004390   0.88767997   0.61666667   0.55161258   0.37554381   0.37222623   0.38811113   0.19003948   0.54123218   0.70733590
  0.17823437   0.70971848   0.87314699   0.17633151   0.78818800   0.08333333   0.22160721   0.37134251   0.39880575   0.43179851   0.48561603   0.29945847   0.07885649
  0.62853446   0.71187722   0.62240495   0.55290242   0.51208163   0.36666667   0.46147888   0.51523297   0.69658132   0.36188114   0.40396202   0.58398469   0.54304743
  0.71428840   0.71767857   0.68216439   0.96985586   0.90174064   0.25000000   0.37365293   0.44879139   0.26672246   0.54611862   0.25250019   0.47671692   0.98996982
  0.63907739   0.72433954   0.74737849   0.74809461   0.24511828   0.31666667   0.69648005   0.37431422   0.34342961   0.54321953   0.51030400   0.50847849   0.63694001
  0.48874019   0.72743838   0.05217963   0.94310206   0.35803615   0.43333333   0.73460229   0.64794531   1.00000000   0.62084042   0.06548775   0.61428046   0.38352748
  0.82252956   0.73173914   0.60924017   0.26662244   0.41572025   0.90000000   0.47702532   0.12705571   0.53780244   0.44781650   0.64366885   0.37688885   0.57944502
  0.62824267   0.73754413   0.53226341   0.11643436   0.12972833   0.11666667   0.49244373   0.35252532   0.16755291   0.62407380   0.51597952   0.51988491   0.70225717
  0.47000339   0.74157418   0.74225530   0.31585173   0.17657359   0.35000000   0.23553157   0.28813743   0.74018925   0.55262055   0.33062732   0.53534602   0.23115020
  0.66914953   0.74783025   0.36505362   0.42937159   0.16548883   0.21666667   0.63617650   0.50390429   0.45692114   0.52933202   0.64733995   0.35279607   0.65669172
  0.41850888   0.75374877   0.60285975   0.59322914   0.42468197   0.41666667   0.50325574   0.71779820   0.42910773   0.39022018   0.38803926   0.44128064   0.20498298
  0.18258306   0.75683168   0.53916849   0.17360178   0.19300987   0.23333333   0.84627364   0.68562225   0.44171566   0.61035924   0.41391965   0.65047035   0.01797811
  0.82409032   0.76507136   0.94761243   0.68873213   0.10657959   0.76666667   0.39650776   0.38161915   0.42436045   0.83374622   0.54170779   0.47646974   0.95730808
  0.69167487   0.76939322   0.04206002   0.65374170   0.31547064   0.98333333   0.18911787   0.36533252   0.75998836   0.44089160   0.32608944   0.46846721   0.34381464
  0.51989010   0.77235086   0.88385786   0.11294011   0.69935011   0.40000000   0.40970249   0.60045308   0.68352814   0.54111714   0.32341403   0.65819649   0.45805392
  0.65568516   0.77984803   0.83702197   0.05967204   0.33850616   0.45000000   0.68115172   0.18732239   0.50607815   0.41512568   0.31645160   0.52278488   0.76524414
  0.53899501   0.78309992   0.86765209   0.05396595   0.46516774   0.15000000   0.10006731   0.39624180   0.71123205   0.49845554   0.71268382   0.37517696   0.48561927
  0.54385818   0.78921651   0.50864085   0.58020822   0.14443859   0.95000000   0.75489114   0.40575512   0.53339955   0.50658755   0.38354823   0.51474633   0.09884234
  0.60851068   0.79229119   0.01998559   0.34579200   0.48207101   0.01666667   0.41859733   0.39774040   0.38889180   0.39498286   0.65074463   0.69637345   0.82450253
  0.83581643   0.79954164   0.13496447   0.06539474   0.92659049   0.68333333   0.42617958   0.21619475   0.71939939   0.35675963   0.56408793   0.44876635   0.87475122
  0.87046165   0.80458573   0.82680769   0.48879362   0.34661213   0.96666667   0.17832097   0.28998012   0.41909972   0.66336966   0.33590817   0.44000556   0.96121161
  0.62583300   0.80947909   0.42947834   0.08938924   0.96297344   0.30000000   0.51120084   0.57996826   0.45223342   0.58319676   0.62026654   0.43448887   0.51983399
  0.48941261   0.81199955   0.58315497   0.01077980   0.62567537   0.65000000   0.31968719   0.36754010   0.48663326   0.76479484   0.44297276   0.62836228   0.07346109
  0.04108139   0.81683254   0.99247052   0.21745196   0.82867293   0.10000000   0.61134861   0.34635383   0.68138915   0.45645080   0.59289658   0.23946377   0.06336398
  0.53756789   0.82368018   0.44489227   0.00000000   0.08257362   0.50000000   1.00000000   0.30413224   0.34231163   0.52042041   0.60476131   0.67738574   0.30701411
  0.54273763   0.82958574   0.63586036   0.78607422   0.65876320   0.01666667   0.61957900   0.27192939   0.14085220   0.82273324   0.50495884   0.64541034   0.72770106
  0.79003868   0.83105394   0.37706246   0.39742119   0.37401125   0.71666667   0.53495033   0.47804660   0.57588786   0.42716117   0.39821040   0.51711205   0.84193960
  0.58267538   0.83703413   0.67768247   0.33473276   0.30705001   0.13333333   0.58804321   0.39135858   0.46752710   0.51183285   0.77423827   0.46625579   0.62390978
  0.81729847   0.84479867   0.75858899   0.45618537   0.18552901   0.83333333   0.52436294   0.44407568   0.66249573   0.49703377   0.48307834   0.49785466   0.90216631
  0.53050663   0.85112842   0.23672871   0.26365747   0.40380573   1.00000000   0.46877426   0.54865456   0.73138835   0.81057870   0.46127851   0.35484328   0.00905583
  0.70798355   0.85214149   0.48768723   0.23465214   0.87474233   0.40000000   0.45666404   0.74311976   0.36348430   0.63021132   0.39486573   0.81260165   0.85263495
  0.59795489   0.85734670   0.49116990   0.19492436   0.86795247   0.65000000   0.60324113   0.16195881   0.50056678   0.66889975   0.43357596   0.40788127   0.29892612
  0.82280984   0.86288630   0.20930134   0.03836915   0.84014556   0.48333333   0.05736139   0.25980371   0.70457537   0.55794932   0.52129039   0.50355614   0.97267105
  0.61213070   0.86692598   0.47675388   0.15520269   0.53488435   0.46666667   0.33136407   1.00000000   0.32667402   0.65218573   0.24444140   0.48807915   0.60752310
  0.57963945   0.87294395   0.69703478   0.90774888   0.19097183   0.88333333   0.27508517   0.80969749   0.35027213   0.32666997   0.26714341   0.36038753   0.32623803
  0.28781955   0.87912343   0.83296742   0.28255532   0.32401745   0.23333333   0.60870293   0.32406919   0.65778538   0.69022845   0.47920322   0.50641320   0.21270034
  0.52224758   0.88362048   0.49746778   0.07892653   0.96046667   0.78333333   0.35831448   0.52485541   0.77157276   0.26196118   0.40566484   0.38056703   0.18946394
  0.65480552   0.89080971   0.68847977   0.10791927   0.09562266   0.63333333   0.25927029   0.28112998   0.57136712   0.88663322   0.55589760   0.55211135   0.42729946
  0.64489597   0.89194473   0.76103349   0.88072319   0.54433507   0.46666667   0.78214677   0.63016166   0.64535161   0.59888520   0.14321895   0.77683723   0.89450362
  0.30445097   0.89691384   0.89868019   0.03272914   0.74823359   0.08333333   0.24389894   0.49552464   0.57008377   0.47470074   0.49221270   0.34570744   0.38763863
  0.24429977   0.90337517   0.09258250   0.80526943   0.56832967   0.18333333   0.61703928   0.54026172   0.60546078   0.70300564   0.40801478   0.21590613   0.15730022
  0.46753090   0.90993269   0.97109149   0.70446323   0.86622043   0.63333333   0.71057100   0.47462214   0.56445909   0.17209717   0.50099154   0.32017912   0.37750717
  0.69965723   0.91592199   0.44297363   0.55195047   0.84554796   0.35000000   0.26988764   0.53101072   0.00000000   0.22162596   0.53377370   0.31751031   0.90943276
  0.60024839   0.91671439   0.24357788   0.72246820   0.26292293   0.36666667   0.52864441   0.48082546   0.68622943   0.37505004   0.46993726   0.42507754   0.59467796
  0.21815793   0.92297602   0.26142327   0.39235054   0.91225549   0.05000000   0.55761344   0.46999708   0.66001306   0.50542248   0.56597885   0.51281525   0.13857624
  0.62928957   0.93132623   0.09047122   0.67079888   0.94000947   0.53333333   0.64941865   0.65516081   0.72524885   0.40362864   0.44982229   0.60723203   0.60141691
  0.59497993   0.93538292   0.81571582   0.82136322   0.33329434   0.41666667   0.54338412   0.15227769   0.67781517   0.85621128   0.60745088   0.37248880   0.50941777
  0.64498905   0.93686444   0.85335845   0.68129650   0.62002925   0.33333333   0.73877038   0.28250520   0.60256465   0.56178952   0.59769128   0.63811746   0.79288102
  0.56694206   0.94175250   0.38589447   0.14153840   0.80380670   0.28333333   0.62642368   0.66356198   0.31558930   0.34095492   0.65327431   0.29097699   0.62001696
  0.78378172   0.95129413   0.71673686   0.53009581   0.45978519   0.70000000   0.52655592   0.41733310   0.19852266   0.62799878   0.85140947   0.55481039   0.81181780
  0.20799171   0.95352303   0.95495439   0.24357579   0.22482623   0.73333333   0.59570854   0.46239966   0.35702969   0.34908985   0.45953243   0.11093708   0.04002799
  0.70435090   0.95676570   0.34079244   0.96621797   0.58113657   0.45000000   0.67058282   0.26595628   0.71294538   0.46418118   0.78975025   0.42955367   0.67099515
  0.27919986   0.96424263   0.14871982   0.62660550   0.11933963   0.08333333   0.35109506   0.81523962   0.60046166   0.53466834   0.51287976   0.50104974   0.28103955
  0.83741580   0.97150707   0.31195499   0.12187688   0.23361732   0.88333333   0.20852333   0.61869053   0.45013631   0.45267517   0.52561342   0.31226051   0.92007896
  0.34158435   0.97644856   0.36296299   0.35908051   0.03359397   0.13333333   0.46401401   0.43629602   0.65009629   0.47221229   0.65900690   0.32565054   0.23681155
  0.00000000   0.97762956   0.93064487   0.62977423   0.50024206   0.08333333   0.36588713   0.79611982   0.65142902   0.68061326   0.35851274   0.60275203   0.10319522
  0.25003275   0.98640965   0.19199679   0.51531635   0.06652875   0.15000000   0.43905903   0.10268619   0.48916356   0.39726888   0.27414415   0.41570355   0.24115769
  0.45422322   0.98937068   0.34336689   0.14869930   0.16054947   0.86666667   0.57362091   0.57629071   0.47235356   0.61395537   0.48702660   0.24925089   0.05929738
  0.29888050   0.99282714   0.64135757   0.43275741   0.21733400   0.58333333   0.58316051   0.49190467   0.47060842   0.45865469   0.33917439   0.40237580   0.09682696
  0.59856639   1.00000000   0.06295135   0.08254760   0.29784862   0.38333333   0.48672988   0.35273466   0.24513243   0.70965560   0.44823561   0.40200677   0.63669365
