  5.00840294   0.00000000   0.40897541   0.15222607   0.18181818   0.37756805   0.56835737   0.67267843   0.39802621
 -1.20390792   0.00575773   0.12401621   0.04372822   0.33333333   0.86366212   0.69613536   0.48919441   0.62975671
  8.14439634   0.01677255   0.55622199   0.79119276   0.45454545   0.79128996   0.22944060   0.62800599   0.42758822
 -1.51248525   0.03275074   0.21871414   0.43573717   0.12121212   0.70245328   0.21983372   0.30408452   0.50331114
  2.87592596   0.03868105   0.16113742   0.70722006   0.48484849   0.42241596   0.51726065   0.60787223   0.48723282
  8.20403402   0.04848801   0.47551400   0.78256826   0.72727273   0.02691716   0.51221155   0.34987774   0.34673108
  3.13609633   0.06378550   0.41879975   0.00807210   0.12121212   0.27221237   0.28805117   0.41960799   0.25990444
  4.82021139   0.07553956   0.17863636   0.09913748   0.96969697   0.78199276   0.39293726   0.90277124   0.55964398
 11.81295854   0.08551259   0.94337976   0.30598774   0.33333333   0.18158406   0.45113665   0.61392978   0.17819369
 10.95392418   0.09165304   0.83250085   1.00000000   0.24242424   0.42031428   0.75503023   0.36606043   0.63776377
 13.00158006   0.09829074   0.89844878   0.77827074   0.96969697   0.22477293   0.28305652   0.53128123   0.40484047
  6.00020226   0.10898826   0.32941780   0.25736966   0.81818182   0.41429255   0.17973211   0.53748338   0.46142333
  3.27440789   0.12295027   0.38492244   0.10447908   0.39393939   0.60384905   0.34892803   0.25391901   0.55558370
 12.38485683   0.13204468   0.85812949   0.43347671   0.93939394   0.66965438   0.38700605   0.77490567   0.44417611
 12.57148685   0.13837017   0.98784167   0.60443591   0.42424242   0.45646412   0.33249723   0.84534699   0.28119928
 10.52758403   0.15614011   0.66811190   0.51827144   0.57575758   0.22188132   0.19684036   0.52123119   0.81990107
  7.17617873   0.15995944   0.64249157   0.53362254   0.18181818   0.49262547   0.79015376   0.28596665   0.59004537
 12.11110492   0.16818011   0.96265105   0.55164535   0.39393939   0.75420060   0.39752224   0.57030105   0.57028092
  7.47138949   0.18009129   0.49137778   0.98552813   0.63636364   0.57586821   0.25781380   0.31552382   0.85099847
 10.01223874   0.18802098   0.74210376   0.24639134   0.51515152   0.56264548   0.58113893   0.72079224   0.49641068
  2.27983806   0.20478366   0.29089410   0.19049770   0.30303030   0.62083876   0.42284204   0.63343725   0.51967525
 11.10206205   0.21509750   0.80225031   0.61085286   0.60606061   0.50245950   0.52209373   0.51657567   0.69125468
  2.39501203   0.22312614   0.28402658   0.22782400   0.45454545   0.86119170   0.47939816   0.58503880   0.47912395
  8.54199282   0.22809914   0.45412564   0.76484492   0.87878788   0.33874011   0.31829860   0.55925625   0.39892834
  4.14225241   0.23935340   0.25480088   0.69656202   0.30303030   0.59968067   0.25143050   1.00000000   0.60848450
 10.04854063   0.25534491   0.65068979   0.56625545   0.81818182   0.31577936   0.14427651   0.43706678   0.68484952
 -2.14627889   0.26118557   0.02092301   0.36763519   0.54545455   0.55367001   0.32270091   0.19421981   0.76659916
 -2.44839449   0.27619741   0.00595327   0.38297977   0.39393939   0.49904777   0.30976927   0.52410117   0.37950949
 12.42602068   0.27917783   0.97058661   0.51481814   0.66666667   0.43969444   0.62828422   0.38755034   0.32990423
  3.93885589   0.29498499   0.53759947   0.06406703   0.06060606   0.54381068   0.57493207   0.42996854   0.47750158
  9.54242073   0.29995873   0.99569060   0.29044760   0.00000000   0.65929097   0.47468755   0.31987224   0.43082205
 -2.03553530   0.31215027   0.15408836   0.31445512   0.15151515   0.34298335   0.66230798   0.43537178   0.26278986
  1.08079688   0.32167078   0.08713657   0.94781664   0.36363636   0.30652103   0.61990071   0.73989335   0.61111815
 -4.78388143   0.33767484   0.00000000   0.65405185   0.21212121   0.32008599   0.34617177   0.37756364   0.30969615
 11.15967793   0.34692827   0.83962846   0.97301035   0.54545455   0.50725772   0.29133015   0.60469540   0.53802576
  7.67165485   0.35492271   0.59446934   0.57879518   0.24242424   0.33315935   0.36558233   0.65849007   0.78915768
  8.49634098   0.36741239   0.68066268   0.17127146   0.96969697   0.67876385   0.24694078   0.23776237   0.09332909
 -7.50932116   0.37095728   0.07021997   0.36050578   0.00000000   0.47397301   0.48345222   0.29822886   0.37501926
 10.61358405   0.37953265   0.77020969   0.11956228   0.78787879   0.39370595   0.41320586   0.80233318   0.46796899
 11.49976035   0.39583335   0.92048647   0.64069078   0.57575758   0.72272209   0.50031750   0.79396432   0.29317977
  8.12395640   0.40449471   0.77771143   0.14081938   0.03030303   0.46429277   0.50845447   0.64511667   0.73323224
  5.59419120   0.41442033   0.23466957   0.40090022   1.00000000   0.25456285   0.55059121   0.57264800   0.49098211
  6.80459919   0.42188170   0.35363194   0.56852932   0.75757576   0.30338451   0.76896078   0.54455207   0.59333760
  6.73965783   0.43802080   0.55204592   0.68019171   0.54545455   0.44365816   0.40775429   0.23168035   0.62234768
  5.67290610   0.44782661   0.27784325   0.83810944   0.81818182   0.43576984   0.40330809   0.61832464   0.57855316
  0.19876645   0.44978066   0.05378485   0.72067195   0.57575758   0.53352190   0.56268383   0.45358979   0.66161098
  9.87492057   0.46451543   0.70654309   0.20690037   0.51515152   0.12326600   0.27440266   0.88301945   0.43753376
  9.55222777   0.47936409   0.94859072   0.88103772   0.09090909   0.54782651   0.48930747   0.21053688   0.67458488
  8.87049668   0.48456323   0.78922412   0.08971256   0.66666667   0.45841970   0.46701268   0.44989889   0.00000000
  8.51999944   0.49862312   0.65498211   0.59352670   0.75757576   0.74349694   0.44830814   0.40924700   0.23179233
 10.83321031   0.50555104   0.82107977   0.91350884   0.51515152   0.20341359   0.19102138   0.74834863   0.46954798
  9.57854545   0.51463105   0.62528094   0.81475413   0.84848485   0.58905829   0.52707849   0.75445648   0.45395691
  2.82550941   0.52059647   0.21443892   0.48310888   0.90909091   0.59547588   0.00261931   0.50543361   0.15939331
  8.67673133   0.53555142   0.56450334   0.87239861   0.78787879   0.48243990   0.35760687   0.53218263   0.52488885
  4.48195742   0.54941700   0.43678878   0.35198342   0.39393939   0.38851129   0.04502320   0.54794791   0.51090082
  2.50981255   0.55984318   0.19507169   0.04027118   1.00000000   0.48524511   0.59516302   0.50864382   0.21457847
 11.73133070   0.56365239   0.93291528   0.89143053   0.84848485   0.53982896   0.33809383   0.64194413   0.32105491
 -0.29765441   0.57221654   0.02437192   0.13138055   0.72727273   0.62174742   0.73970614   0.68492308   0.39157735
  6.97404845   0.58098208   0.61474978   0.74833257   0.33333333   0.29229271   0.37535279   0.46819748   0.38623307
  8.02943582   0.59429899   0.60297250   0.90675469   0.63636364   0.40138339   0.37120316   0.39141900   0.35292226
  8.90750815   0.60654798   0.68737275   0.42075471   0.69696970   0.80224858   0.65202231   0.69591242   0.64651152
 -1.61380996   0.61967531   0.39057357   0.00000000   0.27272727   0.68497013   0.11793253   0.00000000   0.50388857
  3.80602549   0.62820821   0.51010267   0.50341217   0.24242424   0.88110592   0.68270248   0.71549938   0.31435433
  8.30028423   0.64073291   0.74757945   0.73444551   0.36363636   0.57324627   0.43607700   0.95288264   0.35578073
  7.42294475   0.64925287   0.46751657   0.29791423   0.60606061   0.36835663   0.42818098   0.62516352   1.00000000
  5.55231276   0.65341996   0.44947120   0.45670873   0.75757576   0.76404185   0.38169580   0.70682255   0.41355513
  1.25063808   0.67156387   0.48558939   0.19756007   0.12121212   0.65121089   0.66518597   0.40158873   0.36210497
 11.71148979   0.67544679   0.87541442   0.62703218   0.93939394   0.15590671   0.29994017   0.58597884   0.34280079
  3.90943356   0.68808053   0.36071825   0.18041452   0.48484849   0.56351102   1.00000000   0.48561044   0.65430904
 -0.09904151   0.69952875   0.32377093   0.21420706   0.09090909   0.24114462   0.43053396   0.82152030   0.08006941
 11.99123392   0.71104285   1.00000000   0.80473470   0.90909091   0.51550769   0.45673330   0.35872425   0.56572060
  6.34365059   0.71571735   0.52652266   0.33750207   0.78787879   0.52733557   0.60689621   0.44264844   0.24871982
  6.59913590   0.72713261   0.71648196   0.85604707   0.45454545   0.69223478   0.30349342   0.39872975   0.19320517
  0.23852018   0.73424510   0.23794090   0.15395736   0.36363636   0.63091032   0.61377674   0.59583136   0.60372975
  9.78809467   0.74737682   0.89637388   0.95795172   0.69696970   0.36477039   0.20772679   0.34458359   0.11804388
  7.22070654   0.75738078   0.58957137   0.66904882   0.75757576   0.83529909   0.55518557   0.47373811   0.66714104
  7.74264015   0.76416593   0.87992016   0.54255752   0.03030303   0.35771715   0.58840178   0.65114182   0.54410230
 -0.90225915   0.77944608   0.07565217   0.27296732   0.45454545   0.25383851   0.15458722   0.46663467   0.74635250
  0.15931530   0.79214384   0.31790923   0.39385893   0.21212121   0.58067217   0.35382218   0.85783923   0.27384311
 -1.05661615   0.79750909   0.11522803   0.02994983   0.42424242   0.19211456   0.53856647   0.48003381   0.44019749
 -8.62044548   0.80507200   0.13024071   0.62762949   0.09090909   0.94359198   0.16289186   0.57923864   0.29264493
  7.10264249   0.81638024   0.72682415   0.01931367   0.63636364   0.64336917   0.45933657   0.11662873   0.70073230
  9.21051078   0.82409899   0.75790764   0.41328039   0.21212121   0.00000000   0.70218132   0.66515942   0.91641388
 -3.45450207   0.83421869   0.06245465   0.33233524   0.27272727   0.39473043   0.54448218   0.55140631   0.51810292
 -5.64450151   0.84398523   0.03664910   0.96122066   0.27272727   0.13302102   0.32743635   0.37268790   0.22635240
  6.97531675   0.85938360   0.70031756   0.93814356   0.72727273   0.61169882   0.46789662   0.50078218   0.05230299
 10.21104920   0.86961595   0.84960870   0.84794240   0.90909091   0.35196018   0.05270821   0.73462613   0.33214906
  9.54605284   0.87710941   0.81353995   0.23481181   0.84848485   0.27806801   0.41931861   0.17364085   0.41761328
  0.16216929   0.89176108   0.34561096   0.27568376   0.24242424   0.37332214   0.23912565   0.76781094   0.30461566
 -1.04669614   0.90102343   0.30269582   0.75838128   0.03030303   0.40748901   0.64226682   0.67101762   0.44877898
  1.56125931   0.91384425   0.16765502   0.65797509   0.87878788   0.64098810   0.49137815   0.49420910   0.41968136
  0.60439162   0.91935477   0.25893641   0.07617580   0.66666667   0.51108520   0.53509855   0.27733715   0.37109476
  1.62677558   0.92979277   0.37724691   0.82203735   0.15151515   0.28673420   0.59900098   0.69137689   0.53292830
 -0.55427196   0.94263763   0.42070991   0.45402179   0.06060606   0.45274331   0.38912081   0.41752832   0.54622384
 -8.26157722   0.95053955   0.14592801   0.86691290   0.12121212   0.70869017   0.43979318   0.45934236   0.20264300
  4.08418658   0.96261855   0.20007353   0.70816078   0.96969697   0.52287779   0.26863753   0.56531678   0.71790148
 -0.38016271   0.97427663   0.09538469   0.92644993   0.93939394   0.73112743   0.86057121   0.33088405   0.24161293
 10.00604691   0.97720855   0.91368394   0.05782983   0.66666667   0.42863899   0.71847247   0.70403911   0.76457839
  4.38756251   0.99133367   0.52103072   0.48789627   0.15151515   0.09971477   0.50170296   0.80704355   0.58211630
  4.00492955   1.00000000   0.58122078   0.46718060   0.51515152   0.46949292   0.08558937   0.59444077   0.14606513
